4.415000081062316895e-01
4.465000033378601074e-01
4.637500047683715820e-01
4.699999988079071045e-01
4.727500081062316895e-01
4.740000069141387939e-01
4.782499969005584717e-01
4.817500114440917969e-01
4.880000054836273193e-01
4.962500035762786865e-01
5.222499966621398926e-01
5.442500114440917969e-01
5.817499756813049316e-01
inf
1.750249981880187988e+00
1.662750005722045898e+00
1.601500034332275391e+00
1.591500043869018555e+00
1.598999977111816406e+00
1.610749959945678711e+00
inf
1.594249963760375977e+00
1.599750041961669922e+00
1.654000043869018555e+00
1.665750026702880859e+00
1.677000045776367188e+00
1.685999989509582520e+00
1.713250041007995605e+00
1.731250047683715820e+00
1.738999962806701660e+00
1.753749966621398926e+00
1.785750031471252441e+00
1.756000041961669922e+00
1.722499966621398926e+00
1.680250048637390137e+00
1.618749976158142090e+00
1.587499976158142090e+00
1.562250018119812012e+00
1.503749966621398926e+00
1.476750016212463379e+00
1.451750040054321289e+00
1.427500009536743164e+00
1.381749987602233887e+00
1.360999941825866699e+00
1.343500018119812012e+00
1.310500025749206543e+00
1.289499998092651367e+00
1.275249958038330078e+00
1.258249998092651367e+00
1.223999977111816406e+00
1.213750004768371582e+00
1.199000000953674316e+00
1.175500035285949707e+00
1.161499977111816406e+00
1.148499965667724609e+00
1.138000011444091797e+00
1.115749955177307129e+00
1.104249954223632812e+00
1.097249984741210938e+00
1.078500032424926758e+00
1.070749998092651367e+00
1.063750028610229492e+00
1.055999994277954102e+00
1.038750052452087402e+00
1.034000039100646973e+00
1.029250025749206543e+00
1.057000041007995605e+00
1.054000020027160645e+00
1.046499967575073242e+00
1.041499972343444824e+00
1.035249948501586914e+00
1.024250030517578125e+00
7.832499742507934570e-01
inf
inf
inf
inf
inf
7.732499837875366211e-01
7.617499828338623047e-01
7.692499756813049316e-01
7.620000243186950684e-01
7.599999904632568359e-01
7.537500262260437012e-01
7.482500076293945312e-01
7.497500181198120117e-01
7.475000023841857910e-01
7.447500228881835938e-01
7.432500123977661133e-01
7.437499761581420898e-01
7.437499761581420898e-01
7.444999814033508301e-01
7.437499761581420898e-01
7.477499842643737793e-01
7.462499737739562988e-01
7.484999895095825195e-01
7.487499713897705078e-01
7.530000209808349609e-01
7.634999752044677734e-01
7.689999938011169434e-01
7.672500014305114746e-01
7.674999833106994629e-01
inf
9.777500033378601074e-01
9.787499904632568359e-01
9.822499752044677734e-01
9.854999780654907227e-01
9.882500171661376953e-01
9.952499866485595703e-01
1.001000046730041504e+00
1.004750013351440430e+00
1.006250023841857910e+00
1.019999980926513672e+00
1.023000001907348633e+00
1.030750036239624023e+00
1.037250041961669922e+00
1.046499967575073242e+00
1.055250048637390137e+00
1.062250018119812012e+00
1.069499969482421875e+00
