inf
2.014999985694885254e-01
1.952500045299530029e-01
1.937499940395355225e-01
1.870000064373016357e-01
1.809999942779541016e-01
inf
inf
1.519999951124191284e-01
1.497499942779541016e-01
1.465000063180923462e-01
1.435000002384185791e-01
1.410000026226043701e-01
1.392499953508377075e-01
1.375000029802322388e-01
1.342500001192092896e-01
1.309999972581863403e-01
1.262499988079071045e-01
1.284999996423721313e-01
1.270000040531158447e-01
1.232500001788139343e-01
1.247500032186508179e-01
inf
1.232500001788139343e-01
inf
inf
inf
inf
inf
inf
inf
inf
6.554999947547912598e-01
inf
6.190000176429748535e-01
inf
6.510000228881835938e-01
inf
1.130249977111816406e+00
1.097000002861022949e+00
1.089499950408935547e+00
1.071499943733215332e+00
1.061499953269958496e+00
1.023000001907348633e+00
1.010249972343444824e+00
inf
9.825000166893005371e-01
9.582499861717224121e-01
9.692500233650207520e-01
9.452499747276306152e-01
9.334999918937683105e-01
9.259999990463256836e-01
9.147499799728393555e-01
8.987500071525573730e-01
8.899999856948852539e-01
8.824999928474426270e-01
8.747500181198120117e-01
8.669999837875366211e-01
8.522499799728393555e-01
8.464999794960021973e-01
8.417500257492065430e-01
8.295000195503234863e-01
8.255000114440917969e-01
8.195000290870666504e-01
8.144999742507934570e-01
8.065000176429748535e-01
8.004999756813049316e-01
7.994999885559082031e-01
7.962499856948852539e-01
7.904999852180480957e-01
8.084999918937683105e-01
8.277500271797180176e-01
8.232499957084655762e-01
8.199999928474426270e-01
8.140000104904174805e-01
8.115000128746032715e-01
8.090000152587890625e-01
8.054999709129333496e-01
8.029999732971191406e-01
8.007500171661376953e-01
8.000000119209289551e-01
7.965000271797180176e-01
7.960000038146972656e-01
5.852500200271606445e-01
5.734999775886535645e-01
5.789999961853027344e-01
5.797500014305114746e-01
5.805000066757202148e-01
5.812500119209289551e-01
5.822499990463256836e-01
5.832499861717224121e-01
5.910000205039978027e-01
5.939999818801879883e-01
5.939999818801879883e-01
inf
inf
inf
inf
inf
inf
inf
inf
inf
inf
inf
inf
inf
inf
inf
inf
inf
inf
inf
inf
inf
inf
inf
inf
6.962500214576721191e-01
inf
