1.256000041961669922e+00
1.228999972343444824e+00
1.203999996185302734e+00
1.180999994277954102e+00
1.156749963760375977e+00
1.109500050544738770e+00
1.090250015258789062e+00
1.067999958992004395e+00
1.052749991416931152e+00
1.029999971389770508e+00
1.013499975204467773e+00
9.782500267028808594e-01
9.595000147819519043e-01
9.467499852180480957e-01
9.294999837875366211e-01
9.010000228881835938e-01
8.880000114440917969e-01
8.757500052452087402e-01
8.634999990463256836e-01
8.507500290870666504e-01
8.314999938011169434e-01
8.215000033378601074e-01
8.105000257492065430e-01
8.022500276565551758e-01
7.847499847412109375e-01
7.774999737739562988e-01
7.692499756813049316e-01
7.785000205039978027e-01
7.972499728202819824e-01
8.009999990463256836e-01
7.842500209808349609e-01
7.772499918937683105e-01
7.695000171661376953e-01
7.639999985694885254e-01
inf
5.137500166893005371e-01
inf
inf
inf
inf
inf
inf
inf
4.855000078678131104e-01
4.857499897480010986e-01
inf
inf
inf
inf
6.840000152587890625e-01
inf
inf
6.784999966621398926e-01
inf
inf
6.710000038146972656e-01
inf
inf
inf
inf
4.662500023841857910e-01
inf
inf
inf
inf
inf
inf
inf
inf
inf
inf
inf
inf
inf
inf
inf
inf
inf
4.632500112056732178e-01
4.444999992847442627e-01
4.365000128746032715e-01
inf
4.269999861717224121e-01
4.157499969005584717e-01
inf
inf
inf
inf
3.792499899864196777e-01
3.759999871253967285e-01
3.742499947547912598e-01
inf
3.600000143051147461e-01
3.592500090599060059e-01
3.499999940395355225e-01
3.499999940395355225e-01
3.440000116825103760e-01
3.332499861717224121e-01
3.382500112056732178e-01
3.332499861717224121e-01
inf
3.252499997615814209e-01
3.252499997615814209e-01
3.215000033378601074e-01
3.165000081062316895e-01
3.162499964237213135e-01
3.157500028610229492e-01
3.067499995231628418e-01
3.067499995231628418e-01
3.067499995231628418e-01
3.057500123977661133e-01
3.057500123977661133e-01
3.014999926090240479e-01
3.005000054836273193e-01
2.949999868869781494e-01
inf
inf
2.942500114440917969e-01
2.912499904632568359e-01
inf
