5.232499837875366211e-01
5.442500114440917969e-01
5.682500004768371582e-01
inf
inf
inf
1.751999974250793457e+00
1.670250058174133301e+00
1.602499961853027344e+00
1.566750049591064453e+00
1.585250020027160645e+00
1.592499971389770508e+00
1.595000028610229492e+00
1.594499945640563965e+00
inf
1.633000016212463379e+00
1.647500038146972656e+00
1.651499986648559570e+00
1.670250058174133301e+00
1.684999942779541016e+00
1.702000021934509277e+00
1.713750004768371582e+00
1.726500034332275391e+00
1.753499984741210938e+00
1.745499968528747559e+00
1.705999970436096191e+00
1.667999982833862305e+00
1.585999965667724609e+00
1.569749951362609863e+00
9.459999799728393555e-01
1.483000040054321289e+00
1.457249999046325684e+00
1.427999973297119141e+00
1.407750010490417480e+00
1.365749955177307129e+00
1.342000007629394531e+00
1.321750044822692871e+00
1.300250053405761719e+00
1.266749978065490723e+00
1.249250054359436035e+00
1.232249975204467773e+00
1.200749993324279785e+00
1.192250013351440430e+00
1.176499962806701660e+00
1.164499998092651367e+00
1.139000058174133301e+00
1.123999953269958496e+00
1.116000056266784668e+00
1.102749943733215332e+00
1.083750009536743164e+00
1.076750040054321289e+00
1.067000031471252441e+00
1.057999968528747559e+00
1.039499998092651367e+00
1.032500028610229492e+00
1.024500012397766113e+00
1.017750024795532227e+00
1.005249977111816406e+00
1.014999985694885254e+00
1.040500044822692871e+00
1.032500028610229492e+00
1.019250035285949707e+00
1.012249946594238281e+00
1.005749940872192383e+00
1.002249956130981445e+00
7.597500085830688477e-01
inf
inf
7.597500085830688477e-01
inf
7.467499971389770508e-01
7.465000152587890625e-01
7.429999709129333496e-01
7.447500228881835938e-01
7.425000071525573730e-01
7.319999933242797852e-01
7.310000061988830566e-01
7.272499799728393555e-01
7.247499823570251465e-01
7.260000109672546387e-01
7.214999794960021973e-01
7.210000157356262207e-01
7.214999794960021973e-01
7.204999923706054688e-01
7.220000028610229492e-01
7.229999899864196777e-01
7.235000133514404297e-01
7.257500290870666504e-01
7.260000109672546387e-01
7.312499880790710449e-01
7.360000014305114746e-01
7.409999966621398926e-01
7.394999861717224121e-01
7.465000152587890625e-01
7.467499971389770508e-01
inf
7.267500162124633789e-01
inf
9.582499861717224121e-01
9.657499790191650391e-01
9.702500104904174805e-01
9.745000004768371582e-01
9.779999852180480957e-01
9.867500066757202148e-01
9.919999837875366211e-01
9.982500076293945312e-01
1.004999995231628418e+00
1.015750050544738770e+00
1.021999955177307129e+00
1.029000043869018555e+00
1.032750010490417480e+00
1.041749954223632812e+00
1.054000020027160645e+00
1.063750028610229492e+00
1.070749998092651367e+00
1.080000042915344238e+00
1.087499976158142090e+00
1.106999993324279785e+00
1.116000056266784668e+00
1.120749950408935547e+00
