1.108999967575073242e+00
1.090000033378601074e+00
1.054999947547912598e+00
1.036749958992004395e+00
1.020249962806701660e+00
1.003000020980834961e+00
9.760000109672546387e-01
9.617499709129333496e-01
9.467499852180480957e-01
9.357500076293945312e-01
9.229999780654907227e-01
8.972499966621398926e-01
8.874999880790710449e-01
8.750000000000000000e-01
8.654999732971191406e-01
8.532500267028808594e-01
8.392500281333923340e-01
8.297500014305114746e-01
8.209999799728393555e-01
8.125000000000000000e-01
7.985000014305114746e-01
7.894999980926513672e-01
7.860000133514404297e-01
7.787500023841857910e-01
7.877500057220458984e-01
8.112499713897705078e-01
8.032500147819519043e-01
7.975000143051147461e-01
7.917500138282775879e-01
7.795000076293945312e-01
7.747499942779541016e-01
7.687500119209289551e-01
7.649999856948852539e-01
7.620000243186950684e-01
7.562500238418579102e-01
inf
7.462499737739562988e-01
7.375000119209289551e-01
inf
inf
inf
inf
inf
inf
inf
inf
inf
inf
inf
inf
inf
inf
inf
inf
inf
inf
inf
4.592500030994415283e-01
4.657500088214874268e-01
inf
3.957499861717224121e-01
3.944999873638153076e-01
3.932499885559082031e-01
3.899999856948852539e-01
3.880000114440917969e-01
3.832499980926513672e-01
3.797500133514404297e-01
3.750000000000000000e-01
3.729999959468841553e-01
3.687500059604644775e-01
3.625000119209289551e-01
3.594999909400939941e-01
3.564999997615814209e-01
3.499999940395355225e-01
3.457500040531158447e-01
3.415000140666961670e-01
3.347499966621398926e-01
3.342500030994415283e-01
3.300000131130218506e-01
inf
3.264999985694885254e-01
3.237499892711639404e-01
3.224999904632568359e-01
3.204999864101409912e-01
3.125000000000000000e-01
3.104999959468841553e-01
3.084999918937683105e-01
3.055000007152557373e-01
3.025000095367431641e-01
3.019999861717224121e-01
2.952499985694885254e-01
2.944999933242797852e-01
3.057500123977661133e-01
inf
inf
inf
inf
inf
inf
inf
inf
inf
inf
inf
inf
inf
inf
inf
inf
inf
inf
inf
inf
inf
2.910000085830688477e-01
2.912499904632568359e-01
inf
inf
inf
inf
