inf
4.356999874114990234e+00
4.315499782562255859e+00
1.477249979972839355e+00
1.400750041007995605e+00
1.325250029563903809e+00
1.330500006675720215e+00
1.335500001907348633e+00
1.330999970436096191e+00
inf
inf
1.642500013113021851e-01
1.652500033378601074e-01
1.634999960660934448e-01
1.615000069141387939e-01
1.602499932050704956e-01
1.595000028610229492e-01
1.589999943971633911e-01
1.580000072717666626e-01
1.542499959468841553e-01
inf
inf
inf
inf
inf
inf
inf
inf
1.321750044822692871e+00
1.285249948501586914e+00
6.557499766349792480e-01
inf
inf
6.334999799728393555e-01
inf
inf
inf
inf
inf
inf
inf
inf
1.022750020027160645e+00
inf
9.802500009536743164e-01
9.742500185966491699e-01
9.595000147819519043e-01
9.497500061988830566e-01
9.304999709129333496e-01
9.222499728202819824e-01
9.132500290870666504e-01
9.012500047683715820e-01
8.874999880790710449e-01
8.790000081062316895e-01
8.697500228881835938e-01
8.647500276565551758e-01
8.560000061988830566e-01
8.437500000000000000e-01
8.399999737739562988e-01
8.332499861717224121e-01
8.280000090599060059e-01
8.172500133514404297e-01
8.137500286102294922e-01
8.082500100135803223e-01
8.040000200271606445e-01
7.972499728202819824e-01
7.940000295639038086e-01
7.889999747276306152e-01
7.864999771118164062e-01
8.355000019073486328e-01
8.212500214576721191e-01
8.184999823570251465e-01
8.165000081062316895e-01
8.140000104904174805e-01
8.072500228881835938e-01
8.062499761581420898e-01
8.050000071525573730e-01
8.027499914169311523e-01
8.002499938011169434e-01
7.960000038146972656e-01
7.969999909400939941e-01
inf
5.749999880790710449e-01
6.019999980926513672e-01
5.789999961853027344e-01
5.792499780654907227e-01
5.805000066757202148e-01
5.812500119209289551e-01
5.879999995231628418e-01
5.907499790191650391e-01
5.910000205039978027e-01
5.917500257492065430e-01
5.962499976158142090e-01
inf
inf
inf
inf
inf
inf
inf
inf
inf
inf
inf
inf
inf
inf
inf
inf
inf
inf
inf
inf
inf
inf
inf
inf
inf
9.530000090599060059e-01
9.612500071525573730e-01
