6.779999732971191406e-01
6.804999709129333496e-01
6.807500123977661133e-01
6.844999790191650391e-01
6.850000023841857910e-01
6.875000000000000000e-01
4.264999926090240479e-01
3.984999954700469971e-01
3.902499973773956299e-01
3.574999868869781494e-01
3.587499856948852539e-01
3.677499890327453613e-01
3.680000007152557373e-01
3.587499856948852539e-01
3.779999911785125732e-01
3.717499971389770508e-01
inf
5.450000166893005371e-01
5.419999957084655762e-01
5.339999794960021973e-01
5.222499966621398926e-01
5.292500257492065430e-01
5.239999890327453613e-01
5.207499861717224121e-01
5.220000147819519043e-01
5.157499909400939941e-01
5.097500085830688477e-01
5.040000081062316895e-01
5.032500028610229492e-01
4.987500011920928955e-01
4.889999926090240479e-01
4.875000119209289551e-01
4.774999916553497314e-01
4.774999916553497314e-01
4.745000004768371582e-01
4.707500040531158447e-01
4.735000133514404297e-01
4.762499928474426270e-01
5.327500104904174805e-01
5.379999876022338867e-01
5.534999966621398926e-01
5.509999990463256836e-01
5.569999814033508301e-01
5.640000104904174805e-01
inf
inf
inf
inf
3.232499957084655762e-01
inf
inf
3.384999930858612061e-01
3.230000138282775879e-01
3.190000057220458984e-01
3.037500083446502686e-01
3.014999926090240479e-01
2.947500050067901611e-01
2.845000028610229492e-01
2.764999866485595703e-01
2.770000100135803223e-01
2.649999856948852539e-01
2.630000114440917969e-01
2.554999887943267822e-01
inf
2.547500133514404297e-01
inf
2.520000040531158447e-01
2.507500052452087402e-01
2.479999959468841553e-01
2.467499971389770508e-01
2.467499971389770508e-01
2.472500056028366089e-01
inf
inf
inf
inf
inf
inf
4.639999866485595703e-01
4.662500023841857910e-01
4.302499890327453613e-01
4.302499890327453613e-01
4.275000095367431641e-01
4.232499897480010986e-01
4.225000143051147461e-01
4.205000102519989014e-01
4.207499921321868896e-01
4.197500050067901611e-01
4.194999933242797852e-01
4.192500114440917969e-01
4.189999997615814209e-01
4.194999933242797852e-01
4.219999909400939941e-01
4.242500066757202148e-01
4.259999990463256836e-01
4.269999861717224121e-01
4.309999942779541016e-01
4.334999918937683105e-01
4.354999959468841553e-01
4.379999935626983643e-01
4.424999952316284180e-01
inf
inf
inf
inf
inf
9.737499952316284180e-01
9.810000061988830566e-01
9.842500090599060059e-01
9.932500123977661133e-01
1.000000000000000000e+00
1.003250002861022949e+00
1.019000053405761719e+00
1.025750041007995605e+00
1.036499977111816406e+00
1.045250058174133301e+00
1.052749991416931152e+00
1.060750007629394531e+00
1.083750009536743164e+00
1.091750025749206543e+00
