5.467500090599060059e-01
5.472499728202819824e-01
5.465000271797180176e-01
5.485000014305114746e-01
5.482500195503234863e-01
5.575000047683715820e-01
5.584999918937683105e-01
5.612499713897705078e-01
5.592499971389770508e-01
5.612499713897705078e-01
inf
inf
inf
inf
inf
7.795000076293945312e-01
7.804999947547912598e-01
7.839999794960021973e-01
7.875000238418579102e-01
7.937499880790710449e-01
8.009999990463256836e-01
8.065000176429748535e-01
8.109999895095825195e-01
8.165000081062316895e-01
8.217499852180480957e-01
8.274999856948852539e-01
8.412500023841857910e-01
8.457499742507934570e-01
8.527500033378601074e-01
8.582500219345092773e-01
8.665000200271606445e-01
8.195000290870666504e-01
7.732499837875366211e-01
7.250000238418579102e-01
6.382499933242797852e-01
6.132500171661376953e-01
5.805000066757202148e-01
5.730000138282775879e-01
5.797500014305114746e-01
5.830000042915344238e-01
5.929999947547912598e-01
5.982499718666076660e-01
6.100000143051147461e-01
6.230000257492065430e-01
6.309999823570251465e-01
6.397500038146972656e-01
6.467499732971191406e-01
6.570000052452087402e-01
7.085000276565551758e-01
7.135000228881835938e-01
7.459999918937683105e-01
7.612500190734863281e-01
7.527499794960021973e-01
7.422500252723693848e-01
7.404999732971191406e-01
7.462499737739562988e-01
7.557500004768371582e-01
7.792500257492065430e-01
7.900000214576721191e-01
9.959999918937683105e-01
9.862499833106994629e-01
9.822499752044677734e-01
9.710000157356262207e-01
9.647499918937683105e-01
9.692500233650207520e-01
9.447500109672546387e-01
9.422500133514404297e-01
9.384999871253967285e-01
9.312499761581420898e-01
9.254999756813049316e-01
9.284999966621398926e-01
9.129999876022338867e-01
9.087499976158142090e-01
9.085000157356262207e-01
9.054999947547912598e-01
9.004999995231628418e-01
8.922500014305114746e-01
8.945000171661376953e-01
8.895000219345092773e-01
8.852499723434448242e-01
8.799999952316284180e-01
8.849999904632568359e-01
8.797500133514404297e-01
8.840000033378601074e-01
8.784999847412109375e-01
8.777499794960021973e-01
8.757500052452087402e-01
8.774999976158142090e-01
8.784999847412109375e-01
8.777499794960021973e-01
8.842499852180480957e-01
8.802499771118164062e-01
8.842499852180480957e-01
8.847500085830688477e-01
8.845000267028808594e-01
8.897500038146972656e-01
8.922500014305114746e-01
8.970000147819519043e-01
8.977500200271606445e-01
9.027500152587890625e-01
9.054999947547912598e-01
9.107499718666076660e-01
9.147499799728393555e-01
9.164999723434448242e-01
9.222499728202819824e-01
9.259999990463256836e-01
9.387500286102294922e-01
9.442499876022338867e-01
9.452499747276306152e-01
9.580000042915344238e-01
9.614999890327453613e-01
9.707499742507934570e-01
9.825000166893005371e-01
3.987500071525573730e-01
3.930000066757202148e-01
3.752500116825103760e-01
3.709999918937683105e-01
3.650000095367431641e-01
3.567500114440917969e-01
3.529999852180480957e-01
