inf
4.357749938964843750e+00
4.316249847412109375e+00
1.540750026702880859e+00
1.445500016212463379e+00
1.322000026702880859e+00
1.329499959945678711e+00
1.332000017166137695e+00
1.335999965667724609e+00
1.338500022888183594e+00
1.388749957084655762e+00
1.358250021934509277e+00
inf
inf
inf
2.495000064373016357e-01
2.460000067949295044e-01
1.907500028610229492e-01
inf
1.792500019073486328e-01
1.739999949932098389e-01
1.722500026226043701e-01
1.710000038146972656e-01
1.697500050067901611e-01
1.615000069141387939e-01
1.602499932050704956e-01
1.599999964237213135e-01
1.572500020265579224e-01
1.572500020265579224e-01
1.562500000000000000e-01
1.560000032186508179e-01
1.557500064373016357e-01
1.560000032186508179e-01
1.572500020265579224e-01
1.582500040531158447e-01
inf
inf
inf
1.445000022649765015e-01
1.424999982118606567e-01
1.397500038146972656e-01
1.392499953508377075e-01
1.389999985694885254e-01
1.389999985694885254e-01
inf
inf
inf
inf
inf
inf
9.215000271797180176e-01
9.004999995231628418e-01
8.905000090599060059e-01
8.840000033378601074e-01
8.672500252723693848e-01
8.607500195503234863e-01
8.527500033378601074e-01
8.475000262260437012e-01
8.417500257492065430e-01
8.302500247955322266e-01
8.249999880790710449e-01
8.207499980926513672e-01
8.159999847412109375e-01
8.054999709129333496e-01
8.029999732971191406e-01
7.985000014305114746e-01
7.950000166893005371e-01
7.889999747276306152e-01
8.080000281333923340e-01
8.277500271797180176e-01
8.245000243186950684e-01
8.180000185966491699e-01
8.147500157356262207e-01
8.127499818801879883e-01
8.087499737739562988e-01
8.084999918937683105e-01
8.012499809265136719e-01
8.004999756813049316e-01
8.000000119209289551e-01
7.962499856948852539e-01
7.947499752044677734e-01
5.862500071525573730e-01
5.745000243186950684e-01
5.805000066757202148e-01
5.809999704360961914e-01
5.795000195503234863e-01
5.809999704360961914e-01
5.812500119209289551e-01
5.822499990463256836e-01
5.887500047683715820e-01
5.910000205039978027e-01
5.920000076293945312e-01
5.942500233650207520e-01
5.962499976158142090e-01
inf
inf
inf
inf
inf
inf
inf
inf
inf
inf
inf
inf
inf
inf
inf
inf
inf
inf
inf
inf
inf
inf
7.375000119209289551e-01
inf
9.520000219345092773e-01
9.599999785423278809e-01
