1.113250017166137695e+00
1.093500018119812012e+00
1.057250022888183594e+00
1.039749979972839355e+00
1.025249958038330078e+00
1.009250044822692871e+00
9.937499761581420898e-01
9.649999737739562988e-01
9.497500061988830566e-01
9.387500286102294922e-01
9.272500276565551758e-01
8.995000123977661133e-01
8.897500038146972656e-01
8.772500157356262207e-01
8.662499785423278809e-01
8.467500209808349609e-01
8.399999737739562988e-01
8.324999809265136719e-01
8.224999904632568359e-01
8.077499866485595703e-01
7.992500066757202148e-01
7.940000295639038086e-01
7.867500185966491699e-01
7.810000181198120117e-01
7.990000247955322266e-01
8.112499713897705078e-01
8.032500147819519043e-01
8.012499809265136719e-01
7.947499752044677734e-01
7.817500233650207520e-01
7.764999866485595703e-01
7.705000042915344238e-01
7.642499804496765137e-01
7.620000243186950684e-01
7.547500133514404297e-01
inf
7.480000257492065430e-01
inf
inf
inf
inf
inf
inf
inf
inf
inf
inf
inf
inf
inf
inf
3.914999961853027344e-01
inf
inf
inf
inf
4.647499918937683105e-01
inf
inf
3.902499973773956299e-01
3.889999985694885254e-01
3.885000050067901611e-01
3.869999945163726807e-01
3.840000033378601074e-01
3.815000057220458984e-01
3.785000145435333252e-01
3.747499883174896240e-01
3.729999959468841553e-01
3.650000095367431641e-01
inf
3.587499856948852539e-01
3.515000045299530029e-01
3.482500016689300537e-01
3.459999859333038330e-01
3.379999995231628418e-01
3.355000019073486328e-01
3.317500054836273193e-01
3.257499933242797852e-01
3.232499957084655762e-01
3.230000138282775879e-01
3.224999904632568359e-01
3.140000104904174805e-01
3.112500011920928955e-01
3.092499971389770508e-01
3.045000135898590088e-01
3.032500147819519043e-01
3.027499914169311523e-01
3.014999926090240479e-01
3.000000119209289551e-01
2.972500026226043701e-01
2.962499856948852539e-01
2.949999868869781494e-01
inf
inf
inf
inf
inf
inf
inf
inf
inf
inf
inf
inf
inf
inf
inf
inf
inf
inf
inf
inf
inf
inf
2.910000085830688477e-01
2.907499969005584717e-01
inf
inf
inf
inf
