1.437499970197677612e-01
1.400000005960464478e-01
1.389999985694885254e-01
1.382499933242797852e-01
1.377499997615814209e-01
1.372500061988830566e-01
1.377499997615814209e-01
1.387500017881393433e-01
1.382499933242797852e-01
1.382499933242797852e-01
1.382499933242797852e-01
1.395000070333480835e-01
1.404999941587448120e-01
inf
inf
inf
inf
inf
inf
inf
1.443500041961669922e+00
1.447999954223632812e+00
1.456500053405761719e+00
1.465250015258789062e+00
1.481250047683715820e+00
1.509250044822692871e+00
1.476999998092651367e+00
1.457499980926513672e+00
1.414000034332275391e+00
1.390499949455261230e+00
1.326249957084655762e+00
5.985000133514404297e-01
1.290249943733215332e+00
6.685000061988830566e-01
inf
2.137500047683715820e-01
inf
2.080000042915344238e-01
2.077499926090240479e-01
2.045000046491622925e-01
2.014999985694885254e-01
inf
1.755000054836273193e-01
1.707500070333480835e-01
1.702499985694885254e-01
1.714999973773956299e-01
inf
1.700000017881393433e-01
1.632499992847442627e-01
1.652500033378601074e-01
1.667499989271163940e-01
inf
inf
inf
inf
inf
inf
8.675000071525573730e-01
8.527500033378601074e-01
8.467500209808349609e-01
8.412500023841857910e-01
8.339999914169311523e-01
8.287500143051147461e-01
8.177499771118164062e-01
8.152499794960021973e-01
8.094999790191650391e-01
8.052499890327453613e-01
7.994999885559082031e-01
7.925000190734863281e-01
7.900000214576721191e-01
7.875000238418579102e-01
8.349999785423278809e-01
8.209999799728393555e-01
8.180000185966491699e-01
8.169999718666076660e-01
8.144999742507934570e-01
8.117499947547912598e-01
8.069999814033508301e-01
8.047500252723693848e-01
8.004999756813049316e-01
7.990000247955322266e-01
7.982500195503234863e-01
7.957500219345092773e-01
5.864999890327453613e-01
5.757499933242797852e-01
5.797500014305114746e-01
5.809999704360961914e-01
5.809999704360961914e-01
5.797500014305114746e-01
5.792499780654907227e-01
5.817499756813049316e-01
5.910000205039978027e-01
5.929999947547912598e-01
5.920000076293945312e-01
6.007500290870666504e-01
inf
inf
inf
inf
inf
inf
inf
inf
inf
inf
inf
inf
inf
inf
inf
inf
inf
inf
inf
inf
inf
inf
inf
inf
inf
