inf
4.355999946594238281e+00
4.317999839782714844e+00
1.510750055313110352e+00
1.413499951362609863e+00
1.332000017166137695e+00
1.323250055313110352e+00
1.335000038146972656e+00
1.338250041007995605e+00
1.342499971389770508e+00
1.350250005722045898e+00
1.343500018119812012e+00
1.362249970436096191e+00
2.475000023841857910e-01
inf
inf
2.515000104904174805e-01
inf
1.802500039339065552e-01
1.772499978542327881e-01
1.752499938011169434e-01
1.735000014305114746e-01
1.717499941587448120e-01
1.630000025033950806e-01
1.609999984502792358e-01
1.582500040531158447e-01
1.572500020265579224e-01
1.567499935626983643e-01
1.560000032186508179e-01
1.560000032186508179e-01
1.560000032186508179e-01
1.562500000000000000e-01
1.567499935626983643e-01
1.577499955892562866e-01
1.595000028610229492e-01
inf
inf
inf
1.497499942779541016e-01
1.472499966621398926e-01
1.455000042915344238e-01
1.439999938011169434e-01
1.437499970197677612e-01
1.452499926090240479e-01
inf
inf
inf
inf
inf
inf
9.229999780654907227e-01
8.999999761581420898e-01
8.882499933242797852e-01
8.815000057220458984e-01
8.727499842643737793e-01
8.592500090599060059e-01
8.522499799728393555e-01
8.462499976158142090e-01
8.387500047683715820e-01
8.349999785423278809e-01
8.247500061988830566e-01
8.190000057220458984e-01
8.142499923706054688e-01
8.105000257492065430e-01
8.007500171661376953e-01
7.992500066757202148e-01
7.937499880790710449e-01
7.897499799728393555e-01
7.875000238418579102e-01
8.255000114440917969e-01
8.227499723434448242e-01
8.180000185966491699e-01
8.169999718666076660e-01
8.137500286102294922e-01
8.087499737739562988e-01
8.062499761581420898e-01
8.059999942779541016e-01
8.027499914169311523e-01
7.977499961853027344e-01
7.969999909400939941e-01
7.969999909400939941e-01
inf
5.747500061988830566e-01
5.887500047683715820e-01
5.789999961853027344e-01
5.802500247955322266e-01
5.799999833106994629e-01
5.820000171661376953e-01
5.887500047683715820e-01
5.937500000000000000e-01
5.910000205039978027e-01
5.920000076293945312e-01
5.939999818801879883e-01
inf
inf
inf
inf
inf
inf
inf
inf
inf
inf
inf
inf
inf
inf
inf
inf
inf
inf
inf
inf
inf
inf
inf
6.957499980926513672e-01
inf
9.574999809265136719e-01
9.667500257492065430e-01
