1.282750010490417480e+00
1.250000000000000000e+00
1.197250008583068848e+00
1.172250032424926758e+00
1.150750041007995605e+00
1.124250054359436035e+00
1.099249958992004395e+00
1.081249952316284180e+00
1.039999961853027344e+00
1.024500012397766113e+00
1.005499958992004395e+00
9.894999861717224121e-01
9.712499976158142090e-01
9.387500286102294922e-01
9.235000014305114746e-01
9.095000028610229492e-01
8.949999809265136719e-01
8.822500109672546387e-01
8.554999828338623047e-01
8.454999923706054688e-01
8.349999785423278809e-01
8.249999880790710449e-01
8.152499794960021973e-01
7.975000143051147461e-01
7.877500057220458984e-01
7.792500257492065430e-01
7.722499966621398926e-01
7.760000228881835938e-01
8.019999861717224121e-01
7.937499880790710449e-01
7.860000133514404297e-01
7.774999737739562988e-01
7.695000171661376953e-01
7.634999752044677734e-01
inf
inf
inf
inf
inf
inf
inf
inf
inf
inf
4.850000143051147461e-01
inf
inf
inf
inf
6.834999918937683105e-01
inf
inf
6.762499809265136719e-01
inf
7.012500166893005371e-01
6.717500090599060059e-01
inf
inf
inf
inf
4.645000100135803223e-01
inf
inf
inf
inf
inf
inf
inf
inf
inf
inf
inf
inf
inf
inf
inf
inf
inf
4.555000066757202148e-01
inf
4.444999992847442627e-01
4.365000128746032715e-01
4.185000061988830566e-01
4.132499992847442627e-01
4.117499887943267822e-01
inf
inf
inf
inf
3.697499930858612061e-01
3.704999983310699463e-01
3.670000135898590088e-01
3.607499897480010986e-01
3.600000143051147461e-01
3.490000069141387939e-01
inf
inf
3.447499871253967285e-01
3.379999995231628418e-01
3.332499861717224121e-01
inf
3.244999945163726807e-01
3.215000033378601074e-01
3.227500021457672119e-01
3.192499876022338867e-01
3.160000145435333252e-01
3.134999871253967285e-01
3.092499971389770508e-01
3.062500059604644775e-01
3.017500042915344238e-01
3.057500123977661133e-01
3.017500042915344238e-01
inf
3.014999926090240479e-01
2.877500057220458984e-01
inf
2.912499904632568359e-01
2.877500057220458984e-01
2.877500057220458984e-01
2.837499976158142090e-01
