4.222500026226043701e-01
4.225000143051147461e-01
4.232499897480010986e-01
4.237500131130218506e-01
inf
4.387499988079071045e-01
4.477500021457672119e-01
4.517500102519989014e-01
4.622499942779541016e-01
4.665000140666961670e-01
4.707500040531158447e-01
4.737499952316284180e-01
4.817500114440917969e-01
4.887500107288360596e-01
4.972499907016754150e-01
5.084999799728393555e-01
5.220000147819519043e-01
inf
inf
1.305500030517578125e+00
1.463250041007995605e+00
1.632249951362609863e+00
1.642249941825866699e+00
1.651000022888183594e+00
1.665249943733215332e+00
1.686750054359436035e+00
1.695000052452087402e+00
1.610749959945678711e+00
1.562999963760375977e+00
1.759750008583068848e+00
1.776250004768371582e+00
1.726500034332275391e+00
1.694249987602233887e+00
1.624750018119812012e+00
9.599999785423278809e-01
1.569249987602233887e+00
1.540500044822692871e+00
1.504250049591064453e+00
9.100000262260437012e-01
9.287499785423278809e-01
inf
1.383000016212463379e+00
1.326750040054321289e+00
1.331249952316284180e+00
1.307749986648559570e+00
1.297000050544738770e+00
1.261250019073486328e+00
1.244250059127807617e+00
1.231750011444091797e+00
1.215999960899353027e+00
1.192499995231628418e+00
1.180500030517578125e+00
1.167000055313110352e+00
1.157500028610229492e+00
1.130749940872192383e+00
1.122249960899353027e+00
1.113749980926513672e+00
1.101250052452087402e+00
1.093250036239624023e+00
1.075999975204467773e+00
1.067000031471252441e+00
1.062500000000000000e+00
1.052250027656555176e+00
1.039999961853027344e+00
1.032250046730041504e+00
1.030500054359436035e+00
1.034250020980834961e+00
1.055999994277954102e+00
1.047500014305114746e+00
1.042500019073486328e+00
1.037500023841857910e+00
1.024749994277954102e+00
1.022750020027160645e+00
inf
7.754999995231628418e-01
inf
7.792500257492065430e-01
7.792500257492065430e-01
7.792500257492065430e-01
7.754999995231628418e-01
7.752500176429748535e-01
7.645000219345092773e-01
7.682499885559082031e-01
7.577499747276306152e-01
7.584999799728393555e-01
7.530000209808349609e-01
7.542499899864196777e-01
7.530000209808349609e-01
7.537500262260437012e-01
7.537500262260437012e-01
7.537500262260437012e-01
7.540000081062316895e-01
7.540000081062316895e-01
7.549999952316284180e-01
7.580000162124633789e-01
7.580000162124633789e-01
7.592499852180480957e-01
7.595000267028808594e-01
7.732499837875366211e-01
7.810000181198120117e-01
7.772499918937683105e-01
7.772499918937683105e-01
inf
inf
7.832499742507934570e-01
9.909999966621398926e-01
9.982500076293945312e-01
1.000249981880187988e+00
1.003250002861022949e+00
1.014000058174133301e+00
1.016749978065490723e+00
1.023749947547912598e+00
1.026499986648559570e+00
1.035249948501586914e+00
1.041249990463256836e+00
1.049499988555908203e+00
1.056499958038330078e+00
1.063249945640563965e+00
1.075749993324279785e+00
1.082999944686889648e+00
