5.382500290870666504e-01
5.370000004768371582e-01
5.360000133514404297e-01
5.364999771118164062e-01
5.367500185966491699e-01
5.354999899864196777e-01
5.357499718666076660e-01
5.377500057220458984e-01
5.402500033378601074e-01
5.400000214576721191e-01
5.417500138282775879e-01
5.435000061988830566e-01
5.507500171661376953e-01
5.517500042915344238e-01
5.517500042915344238e-01
inf
inf
inf
inf
5.602499842643737793e-01
inf
7.645000219345092773e-01
7.664999961853027344e-01
7.699999809265136719e-01
7.749999761581420898e-01
7.782499790191650391e-01
7.814999818801879883e-01
7.904999852180480957e-01
7.957500219345092773e-01
8.009999990463256836e-01
8.069999814033508301e-01
8.107500076293945312e-01
8.172500133514404297e-01
8.282499909400939941e-01
8.169999718666076660e-01
8.420000076293945312e-01
8.477500081062316895e-01
inf
inf
7.375000119209289551e-01
inf
6.182500123977661133e-01
5.897499918937683105e-01
5.667499899864196777e-01
5.627499818801879883e-01
5.680000185966491699e-01
inf
inf
inf
inf
inf
inf
inf
inf
inf
inf
inf
inf
inf
inf
inf
inf
inf
inf
inf
inf
inf
inf
inf
inf
inf
inf
inf
inf
inf
inf
inf
9.175000190734863281e-01
9.144999980926513672e-01
8.964999914169311523e-01
8.920000195503234863e-01
8.914999961853027344e-01
8.909999728202819824e-01
8.912500143051147461e-01
8.817499876022338867e-01
8.805000185966491699e-01
8.740000128746032715e-01
8.784999847412109375e-01
8.709999918937683105e-01
8.737499713897705078e-01
8.634999990463256836e-01
8.632500171661376953e-01
8.622499704360961914e-01
8.604999780654907227e-01
8.672500252723693848e-01
8.694999814033508301e-01
8.694999814033508301e-01
8.657500147819519043e-01
8.715000152587890625e-01
8.715000152587890625e-01
8.799999952316284180e-01
8.807500004768371582e-01
8.744999766349792480e-01
8.857499957084655762e-01
8.840000033378601074e-01
8.889999985694885254e-01
8.917499780654907227e-01
8.970000147819519043e-01
8.997499942779541016e-01
9.075000286102294922e-01
9.127500057220458984e-01
9.160000085830688477e-01
9.172499775886535645e-01
9.204999804496765137e-01
9.279999732971191406e-01
9.409999847412109375e-01
9.492499828338623047e-01
9.549999833106994629e-01
9.582499861717224121e-01
inf
