6.775000095367431641e-01
6.804999709129333496e-01
6.800000071525573730e-01
6.830000281333923340e-01
6.850000023841857910e-01
6.872500181198120117e-01
4.242500066757202148e-01
3.987500071525573730e-01
3.889999985694885254e-01
3.572500050067901611e-01
3.592500090599060059e-01
3.675000071525573730e-01
3.617500066757202148e-01
3.580000102519989014e-01
3.777500092983245850e-01
3.709999918937683105e-01
inf
5.450000166893005371e-01
5.422499775886535645e-01
5.342500209808349609e-01
5.239999890327453613e-01
5.292500257492065430e-01
5.270000100135803223e-01
5.220000147819519043e-01
5.220000147819519043e-01
5.147500038146972656e-01
5.097500085830688477e-01
5.037500262260437012e-01
5.022500157356262207e-01
4.952499866485595703e-01
4.887500107288360596e-01
4.875000119209289551e-01
4.842500090599060059e-01
4.742499887943267822e-01
4.695000052452087402e-01
4.707500040531158447e-01
4.737499952316284180e-01
4.765000045299530029e-01
5.329999923706054688e-01
5.382500290870666504e-01
5.534999966621398926e-01
5.507500171661376953e-01
5.562499761581420898e-01
5.637500286102294922e-01
inf
inf
inf
inf
inf
inf
inf
inf
inf
inf
inf
inf
inf
inf
inf
inf
inf
inf
inf
inf
inf
inf
inf
inf
inf
inf
inf
inf
inf
inf
inf
inf
inf
inf
inf
4.807499945163726807e-01
4.722500145435333252e-01
inf
inf
4.785000085830688477e-01
4.794999957084655762e-01
4.835000038146972656e-01
4.882499873638153076e-01
inf
3.989999890327453613e-01
3.952499926090240479e-01
3.930000066757202148e-01
1.907500028610229492e-01
1.840000003576278687e-01
1.815000027418136597e-01
1.797499954700469971e-01
1.772499978542327881e-01
1.700000017881393433e-01
1.650000065565109253e-01
1.624999940395355225e-01
1.607500016689300537e-01
1.602499932050704956e-01
1.589999943971633911e-01
1.572500020265579224e-01
1.572500020265579224e-01
1.557500064373016357e-01
1.552499979734420776e-01
1.562500000000000000e-01
1.562500000000000000e-01
1.577499955892562866e-01
1.580000072717666626e-01
1.589999943971633911e-01
1.595000028610229492e-01
1.662500053644180298e-01
inf
inf
inf
inf
inf
inf
inf
