6.790000200271606445e-01
6.804999709129333496e-01
6.827499866485595703e-01
6.844999790191650391e-01
6.844999790191650391e-01
6.859999895095825195e-01
inf
3.937500119209289551e-01
3.677499890327453613e-01
3.572500050067901611e-01
3.647499978542327881e-01
3.687500059604644775e-01
3.704999983310699463e-01
3.600000143051147461e-01
3.702499866485595703e-01
3.729999959468841553e-01
inf
5.457500219345092773e-01
5.437499880790710449e-01
5.217499732971191406e-01
5.205000042915344238e-01
5.295000076293945312e-01
5.270000100135803223e-01
5.202500224113464355e-01
5.210000276565551758e-01
5.249999761581420898e-01
5.065000057220458984e-01
5.002499818801879883e-01
4.977500140666961670e-01
4.932500123977661133e-01
4.914999902248382568e-01
4.884999990463256836e-01
4.842500090599060059e-01
4.812499880790710449e-01
4.742499887943267822e-01
4.720000028610229492e-01
4.745000004768371582e-01
4.772500097751617432e-01
5.372499823570251465e-01
5.440000295639038086e-01
inf
5.432500243186950684e-01
5.515000224113464355e-01
5.640000104904174805e-01
inf
inf
inf
inf
inf
inf
inf
3.142499923706054688e-01
3.092499971389770508e-01
2.985000014305114746e-01
2.874999940395355225e-01
2.775000035762786865e-01
2.762500047683715820e-01
2.705000042915344238e-01
2.652499973773956299e-01
inf
inf
2.592499852180480957e-01
2.565000057220458984e-01
2.532500028610229492e-01
2.522499859333038330e-01
2.517499923706054688e-01
2.502500116825103760e-01
inf
2.479999959468841553e-01
2.475000023841857910e-01
2.472500056028366089e-01
2.469999939203262329e-01
2.472500056028366089e-01
2.460000067949295044e-01
2.492499947547912598e-01
2.515000104904174805e-01
2.502500116825103760e-01
inf
inf
inf
inf
4.275000095367431641e-01
4.230000078678131104e-01
4.214999973773956299e-01
4.202499985694885254e-01
4.187499880790710449e-01
4.167500138282775879e-01
4.157499969005584717e-01
4.162499904632568359e-01
4.174999892711639404e-01
4.169999957084655762e-01
4.187499880790710449e-01
4.194999933242797852e-01
4.205000102519989014e-01
4.237500131130218506e-01
4.264999926090240479e-01
4.284999966621398926e-01
4.297499954700469971e-01
4.317499995231628418e-01
4.334999918937683105e-01
4.377500116825103760e-01
4.472500085830688477e-01
inf
inf
inf
inf
9.667500257492065430e-01
9.769999980926513672e-01
9.812499880790710449e-01
9.937499761581420898e-01
1.000000000000000000e+00
1.007249951362609863e+00
1.012750029563903809e+00
1.029500007629394531e+00
1.039999961853027344e+00
1.044250011444091797e+00
1.053500056266784668e+00
1.063249945640563965e+00
1.084249973297119141e+00
1.091500043869018555e+00
