inf
inf
inf
4.312250137329101562e+00
4.358749866485595703e+00
1.518249988555908203e+00
1.431499958038330078e+00
1.325250029563903809e+00
1.330749988555908203e+00
1.334249973297119141e+00
1.337000012397766113e+00
1.345499992370605469e+00
1.349750041961669922e+00
1.353000044822692871e+00
1.383999943733215332e+00
1.374500036239624023e+00
1.388499975204467773e+00
1.398499965667724609e+00
1.412250041961669922e+00
1.419250011444091797e+00
1.431249976158142090e+00
1.442499995231628418e+00
1.452250003814697266e+00
1.476999998092651367e+00
1.486250042915344238e+00
1.503999948501586914e+00
1.498749971389770508e+00
1.460999965667724609e+00
1.389750003814697266e+00
inf
1.340749979019165039e+00
1.317000031471252441e+00
6.517500281333923340e-01
inf
6.250000000000000000e-01
2.335000038146972656e-01
2.294999957084655762e-01
2.307499945163726807e-01
inf
2.197500020265579224e-01
2.242500036954879761e-01
inf
2.347500026226043701e-01
inf
inf
inf
inf
9.632499814033508301e-01
9.505000114440917969e-01
9.419999718666076660e-01
9.327499866485595703e-01
9.235000014305114746e-01
9.122499823570251465e-01
8.982499837875366211e-01
8.874999880790710449e-01
8.792499899864196777e-01
8.707500100135803223e-01
8.644999861717224121e-01
8.485000133514404297e-01
8.460000157356262207e-01
8.374999761581420898e-01
8.270000219345092773e-01
8.234999775886535645e-01
8.174999952316284180e-01
8.137500286102294922e-01
8.084999918937683105e-01
8.002499938011169434e-01
7.975000143051147461e-01
7.942500114440917969e-01
7.902500033378601074e-01
8.339999914169311523e-01
8.264999985694885254e-01
8.232499957084655762e-01
8.187500238418579102e-01
8.172500133514404297e-01
8.117499947547912598e-01
8.092499971389770508e-01
8.065000176429748535e-01
8.054999709129333496e-01
8.004999756813049316e-01
7.977499961853027344e-01
7.969999909400939941e-01
7.979999780654907227e-01
5.752500295639038086e-01
inf
5.807499885559082031e-01
5.805000066757202148e-01
5.812500119209289551e-01
5.812500119209289551e-01
5.837500095367431641e-01
5.867499709129333496e-01
5.910000205039978027e-01
5.910000205039978027e-01
6.007500290870666504e-01
inf
5.962499976158142090e-01
inf
inf
inf
inf
inf
inf
inf
inf
inf
inf
inf
inf
inf
inf
inf
inf
inf
inf
inf
inf
inf
inf
inf
inf
