inf
inf
4.314750194549560547e+00
4.357749938964843750e+00
1.533499956130981445e+00
1.438500046730041504e+00
1.371250033378601074e+00
1.325999975204467773e+00
1.331249952316284180e+00
1.335749983787536621e+00
1.339249968528747559e+00
inf
1.259500026702880859e+00
inf
inf
2.989999949932098389e-01
2.772499918937683105e-01
inf
2.937499880790710449e-01
2.947500050067901611e-01
2.980000078678131104e-01
2.664999961853027344e-01
inf
2.642500102519989014e-01
2.332500070333480835e-01
2.129999995231628418e-01
2.094999998807907104e-01
2.082500010728836060e-01
2.115000039339065552e-01
2.062499970197677612e-01
inf
inf
2.004999965429306030e-01
1.975000053644180298e-01
1.872500032186508179e-01
1.835000067949295044e-01
1.817499995231628418e-01
1.805000007152557373e-01
2.062499970197677612e-01
inf
inf
inf
inf
inf
inf
inf
inf
inf
inf
9.312499761581420898e-01
9.210000038146972656e-01
9.129999876022338867e-01
1.817499995231628418e-01
8.945000171661376953e-01
8.725000023841857910e-01
inf
inf
inf
8.492500185966491699e-01
8.377500176429748535e-01
8.330000042915344238e-01
8.277500271797180176e-01
8.234999775886535645e-01
8.140000104904174805e-01
8.105000257492065430e-01
8.057500123977661133e-01
8.002499938011169434e-01
7.932500243186950684e-01
7.897499799728393555e-01
7.875000238418579102e-01
8.360000252723693848e-01
8.385000228881835938e-01
8.370000123977661133e-01
inf
inf
inf
inf
inf
inf
inf
inf
inf
inf
inf
inf
inf
inf
inf
inf
inf
inf
inf
inf
inf
inf
1.185000017285346985e-01
inf
1.190000027418136597e-01
1.190000027418136597e-01
1.194999963045120239e-01
1.190000027418136597e-01
1.192499995231628418e-01
1.382499933242797852e-01
1.362500041723251343e-01
1.337500065565109253e-01
inf
1.315000057220458984e-01
1.309999972581863403e-01
1.312499940395355225e-01
1.305000036954879761e-01
1.332499980926513672e-01
1.330000013113021851e-01
1.330000013113021851e-01
1.327500045299530029e-01
1.330000013113021851e-01
1.340000033378601074e-01
inf
inf
inf
inf
