6.794999837875366211e-01
6.802499890327453613e-01
6.819999814033508301e-01
6.834999918937683105e-01
6.844999790191650391e-01
6.857500076293945312e-01
inf
3.935000002384185791e-01
3.950000107288360596e-01
3.580000102519989014e-01
3.552500009536743164e-01
3.650000095367431641e-01
3.737500011920928955e-01
3.602499961853027344e-01
3.564999997615814209e-01
3.737500011920928955e-01
inf
5.469999909400939941e-01
5.419999957084655762e-01
5.222499966621398926e-01
5.197499990463256836e-01
5.295000076293945312e-01
5.295000076293945312e-01
5.197499990463256836e-01
5.220000147819519043e-01
5.222499966621398926e-01
5.109999775886535645e-01
5.037500262260437012e-01
5.012500286102294922e-01
4.947499930858612061e-01
4.934999942779541016e-01
4.872500002384185791e-01
4.850000143051147461e-01
4.814999997615814209e-01
4.805000126361846924e-01
4.709999859333038330e-01
4.737499952316284180e-01
4.772500097751617432e-01
5.339999794960021973e-01
5.389999747276306152e-01
5.517500042915344238e-01
5.507500171661376953e-01
5.565000176429748535e-01
5.640000104904174805e-01
inf
inf
inf
inf
inf
inf
inf
inf
inf
inf
inf
inf
inf
inf
2.832500040531158447e-01
2.632499933242797852e-01
inf
2.607499957084655762e-01
2.565000057220458984e-01
2.497500032186508179e-01
2.482499927282333374e-01
2.442499995231628418e-01
2.437500059604644775e-01
inf
2.412499934434890747e-01
2.437500059604644775e-01
2.395000010728836060e-01
inf
2.392500042915344238e-01
inf
2.384999990463256836e-01
inf
2.374999970197677612e-01
2.377499938011169434e-01
2.392500042915344238e-01
2.382500022649765015e-01
inf
inf
inf
4.230000078678131104e-01
4.210000038146972656e-01
4.205000102519989014e-01
4.197500050067901611e-01
4.187499880790710449e-01
4.187499880790710449e-01
4.185000061988830566e-01
4.194999933242797852e-01
4.197500050067901611e-01
4.212499856948852539e-01
4.232499897480010986e-01
4.250000119209289551e-01
4.292500019073486328e-01
4.302499890327453613e-01
4.309999942779541016e-01
4.339999854564666748e-01
4.382500052452087402e-01
4.424999952316284180e-01
4.462499916553497314e-01
inf
4.729999899864196777e-01
inf
inf
9.767500162124633789e-01
9.747499823570251465e-01
9.844999909400939941e-01
9.934999942779541016e-01
1.000000000000000000e+00
1.003000020980834961e+00
1.012500047683715820e+00
1.026000022888183594e+00
1.034250020980834961e+00
1.042500019073486328e+00
1.052000045776367188e+00
1.071750044822692871e+00
1.081750035285949707e+00
1.091500043869018555e+00
