1.282250046730041504e+00
1.246000051498413086e+00
1.197499990463256836e+00
1.170500040054321289e+00
1.150750041007995605e+00
1.124250054359436035e+00
1.101999998092651367e+00
1.081249952316284180e+00
1.042000055313110352e+00
1.025750041007995605e+00
1.003250002861022949e+00
9.902499914169311523e-01
9.714999794960021973e-01
9.392499923706054688e-01
9.262499809265136719e-01
9.104999899864196777e-01
8.957499861717224121e-01
8.824999928474426270e-01
8.582500219345092773e-01
8.457499742507934570e-01
8.355000019073486328e-01
8.267499804496765137e-01
8.057500123977661133e-01
7.987499833106994629e-01
7.885000109672546387e-01
7.817500233650207520e-01
7.742499709129333496e-01
7.882500290870666504e-01
8.040000200271606445e-01
7.965000271797180176e-01
7.860000133514404297e-01
7.797499895095825195e-01
7.730000019073486328e-01
7.670000195503234863e-01
inf
5.127500295639038086e-01
inf
inf
inf
inf
inf
inf
inf
4.862500131130218506e-01
inf
inf
inf
inf
6.869999766349792480e-01
6.815000176429748535e-01
inf
inf
inf
6.775000095367431641e-01
6.725000143051147461e-01
inf
inf
inf
inf
inf
inf
inf
inf
inf
inf
inf
inf
3.865000009536743164e-01
inf
inf
inf
inf
inf
inf
inf
inf
inf
inf
4.657500088214874268e-01
inf
4.440000057220458984e-01
4.347499907016754150e-01
4.147500097751617432e-01
4.142499864101409912e-01
inf
inf
inf
inf
inf
3.792499899864196777e-01
3.759999871253967285e-01
3.670000135898590088e-01
3.607499897480010986e-01
3.592500090599060059e-01
3.499999940395355225e-01
3.454999923706054688e-01
3.382500112056732178e-01
inf
3.332499861717224121e-01
3.332499861717224121e-01
3.227500021457672119e-01
3.227500021457672119e-01
3.227500021457672119e-01
3.194999992847442627e-01
3.192499876022338867e-01
3.134999871253967285e-01
3.134999871253967285e-01
3.092499971389770508e-01
3.067499995231628418e-01
2.949999868869781494e-01
3.007499873638153076e-01
3.012500107288360596e-01
inf
2.994999885559082031e-01
2.967500090599060059e-01
inf
2.949999868869781494e-01
2.867499887943267822e-01
2.912499904632568359e-01
2.894999980926513672e-01
