6.792500019073486328e-01
6.807500123977661133e-01
6.825000047683715820e-01
6.834999918937683105e-01
6.844999790191650391e-01
6.857500076293945312e-01
inf
3.930000066757202148e-01
3.682500123977661133e-01
3.580000102519989014e-01
3.549999892711639404e-01
3.650000095367431641e-01
3.740000128746032715e-01
3.605000078678131104e-01
3.557499945163726807e-01
3.747499883174896240e-01
inf
5.512499809265136719e-01
5.419999957084655762e-01
5.257499814033508301e-01
5.199999809265136719e-01
5.295000076293945312e-01
5.210000276565551758e-01
5.202500224113464355e-01
5.220000147819519043e-01
5.235000252723693848e-01
5.077499747276306152e-01
5.037500262260437012e-01
5.009999871253967285e-01
4.939999878406524658e-01
4.884999990463256836e-01
4.872500002384185791e-01
4.852499961853027344e-01
4.799999892711639404e-01
4.747500121593475342e-01
4.717499911785125732e-01
4.735000133514404297e-01
4.767499864101409912e-01
5.329999923706054688e-01
5.379999876022338867e-01
5.285000205039978027e-01
5.507500171661376953e-01
5.550000071525573730e-01
5.640000104904174805e-01
5.730000138282775879e-01
inf
inf
inf
inf
inf
inf
inf
3.014999926090240479e-01
3.007499873638153076e-01
3.005000054836273193e-01
2.824999988079071045e-01
2.772499918937683105e-01
2.694999873638153076e-01
2.689999938011169434e-01
2.617500126361846924e-01
2.582499980926513672e-01
inf
2.572500109672546387e-01
2.529999911785125732e-01
2.527500092983245850e-01
2.507500052452087402e-01
2.512499988079071045e-01
inf
2.477499991655349731e-01
2.477499991655349731e-01
2.477499991655349731e-01
2.472500056028366089e-01
2.475000023841857910e-01
2.475000023841857910e-01
2.487500011920928955e-01
2.565000057220458984e-01
2.507500052452087402e-01
inf
inf
inf
4.307500123977661133e-01
4.300000071525573730e-01
4.272499978542327881e-01
4.247500002384185791e-01
4.232499897480010986e-01
4.199999868869781494e-01
4.194999933242797852e-01
4.180000126361846924e-01
4.177500009536743164e-01
4.169999957084655762e-01
4.172500073909759521e-01
4.185000061988830566e-01
4.194999933242797852e-01
4.207499921321868896e-01
4.244999885559082031e-01
4.267500042915344238e-01
4.295000135898590088e-01
4.302499890327453613e-01
4.332500100135803223e-01
4.345000088214874268e-01
4.422500133514404297e-01
4.457499980926513672e-01
inf
inf
inf
inf
9.677500128746032715e-01
9.754999876022338867e-01
9.860000014305114746e-01
9.934999942779541016e-01
1.000000000000000000e+00
1.004999995231628418e+00
1.013249993324279785e+00
1.027250051498413086e+00
1.037250041961669922e+00
1.044000029563903809e+00
1.053750038146972656e+00
1.062999963760375977e+00
1.084249973297119141e+00
1.093250036239624023e+00
