1.260750055313110352e+00
1.233000040054321289e+00
1.207999944686889648e+00
1.185250043869018555e+00
1.132750034332275391e+00
1.112249970436096191e+00
1.090999960899353027e+00
1.071249961853027344e+00
1.049749970436096191e+00
1.032999992370605469e+00
9.955000281333923340e-01
9.789999723434448242e-01
9.622499942779541016e-01
9.470000267028808594e-01
9.330000281333923340e-01
9.014999866485595703e-01
8.877500295639038086e-01
8.767499923706054688e-01
8.622499704360961914e-01
8.512499928474426270e-01
8.305000066757202148e-01
8.199999928474426270e-01
8.109999895095825195e-01
8.019999861717224121e-01
7.935000061988830566e-01
7.777500152587890625e-01
7.689999938011169434e-01
7.812500000000000000e-01
7.985000014305114746e-01
7.997499704360961914e-01
7.912499904632568359e-01
7.774999737739562988e-01
7.687500119209289551e-01
7.634999752044677734e-01
inf
inf
inf
inf
inf
inf
inf
inf
inf
inf
4.850000143051147461e-01
inf
inf
inf
inf
6.847500205039978027e-01
6.812499761581420898e-01
inf
6.775000095367431641e-01
inf
inf
6.722499728202819824e-01
inf
inf
inf
4.662500023841857910e-01
inf
inf
inf
inf
inf
inf
inf
inf
inf
inf
3.600000143051147461e-01
inf
inf
inf
inf
inf
inf
inf
4.617500007152557373e-01
inf
4.452500045299530029e-01
inf
4.252499938011169434e-01
4.095000028610229492e-01
inf
inf
inf
3.914999961853027344e-01
3.792499899864196777e-01
3.762499988079071045e-01
3.692499995231628418e-01
inf
3.600000143051147461e-01
3.562499880790710449e-01
inf
3.449999988079071045e-01
3.442499935626983643e-01
3.379999995231628418e-01
3.382500112056732178e-01
inf
inf
3.240000009536743164e-01
3.227500021457672119e-01
3.162499964237213135e-01
3.162499964237213135e-01
3.160000145435333252e-01
3.134999871253967285e-01
inf
3.057500123977661133e-01
3.064999878406524658e-01
3.062500059604644775e-01
3.019999861717224121e-01
2.987500131130218506e-01
2.949999868869781494e-01
2.949999868869781494e-01
inf
2.912499904632568359e-01
2.910000085830688477e-01
2.912499904632568359e-01
2.872500121593475342e-01
