inf
inf
inf
inf
inf
inf
inf
inf
inf
inf
inf
inf
inf
inf
inf
inf
inf
inf
inf
inf
inf
inf
inf
inf
inf
inf
inf
inf
2.367500066757202148e-01
inf
inf
2.329999953508377075e-01
2.337500005960464478e-01
2.332500070333480835e-01
inf
inf
inf
inf
1.829999983310699463e-01
1.805000007152557373e-01
1.085999965667724609e+00
1.071750044822692871e+00
1.061249971389770508e+00
1.025750041007995605e+00
inf
inf
9.522500038146972656e-01
9.652500152587890625e-01
9.547500014305114746e-01
9.432500004768371582e-01
9.359999895095825195e-01
9.160000085830688477e-01
9.057499766349792480e-01
8.977500200271606445e-01
8.895000219345092773e-01
8.817499876022338867e-01
8.669999837875366211e-01
8.610000014305114746e-01
8.525000214576721191e-01
8.467500209808349609e-01
8.410000205039978027e-01
8.282499909400939941e-01
8.234999775886535645e-01
8.177499771118164062e-01
8.137500286102294922e-01
8.057500123977661133e-01
8.002499938011169434e-01
7.987499833106994629e-01
7.944999933242797852e-01
7.887499928474426270e-01
8.289999961853027344e-01
8.259999752044677734e-01
8.220000267028808594e-01
8.187500238418579102e-01
8.142499923706054688e-01
8.117499947547912598e-01
8.094999790191650391e-01
8.065000176429748535e-01
8.050000071525573730e-01
8.004999756813049316e-01
7.975000143051147461e-01
7.979999780654907227e-01
7.975000143051147461e-01
5.749999880790710449e-01
5.845000147819519043e-01
5.814999938011169434e-01
5.809999704360961914e-01
5.807499885559082031e-01
5.814999938011169434e-01
5.814999938011169434e-01
5.812500119209289551e-01
5.887500047683715820e-01
5.910000205039978027e-01
5.920000076293945312e-01
5.952500104904174805e-01
inf
inf
inf
inf
inf
inf
inf
inf
inf
inf
inf
inf
inf
inf
inf
inf
inf
inf
inf
inf
inf
inf
inf
inf
9.539999961853027344e-01
