inf
4.357749938964843750e+00
4.357749938964843750e+00
1.555500030517578125e+00
1.463500022888183594e+00
1.324499964714050293e+00
1.326249957084655762e+00
1.330999970436096191e+00
1.335999965667724609e+00
1.338500022888183594e+00
1.348250031471252441e+00
1.358250021934509277e+00
inf
1.378999948501586914e+00
1.389500021934509277e+00
inf
2.347500026226043701e-01
1.907500028610229492e-01
1.805000007152557373e-01
1.745000034570693970e-01
1.737499982118606567e-01
1.702499985694885254e-01
1.679999977350234985e-01
1.652500033378601074e-01
1.642500013113021851e-01
1.627500057220458984e-01
1.615000069141387939e-01
1.580000072717666626e-01
1.567499935626983643e-01
1.537500023841857910e-01
1.527500003576278687e-01
1.525000035762786865e-01
1.519999951124191284e-01
1.512500047683715820e-01
inf
inf
inf
inf
1.397500038146972656e-01
1.344999969005584717e-01
1.324999928474426270e-01
1.307500004768371582e-01
1.295000016689300537e-01
1.003999948501586914e+00
9.727500081062316895e-01
1.260000020265579224e-01
inf
inf
inf
inf
inf
inf
8.945000171661376953e-01
8.792499899864196777e-01
8.697500228881835938e-01
8.647500276565551758e-01
8.565000295639038086e-01
8.432499766349792480e-01
8.399999737739562988e-01
8.345000147819519043e-01
8.222500085830688477e-01
8.174999952316284180e-01
8.137500286102294922e-01
8.084999918937683105e-01
8.042500019073486328e-01
7.992500066757202148e-01
7.940000295639038086e-01
7.885000109672546387e-01
7.867500185966491699e-01
8.339999914169311523e-01
8.232499957084655762e-01
8.177499771118164062e-01
8.167499899864196777e-01
8.134999871253967285e-01
8.069999814033508301e-01
8.059999942779541016e-01
8.044999837875366211e-01
8.022500276565551758e-01
7.990000247955322266e-01
7.977499961853027344e-01
7.954999804496765137e-01
5.757499933242797852e-01
5.742499828338623047e-01
5.789999961853027344e-01
5.792499780654907227e-01
5.797500014305114746e-01
5.809999704360961914e-01
5.837500095367431641e-01
5.799999833106994629e-01
5.907499790191650391e-01
5.910000205039978027e-01
5.939999818801879883e-01
5.952500104904174805e-01
inf
inf
inf
inf
inf
inf
inf
inf
inf
inf
inf
inf
inf
inf
inf
inf
inf
inf
inf
inf
inf
inf
inf
6.997500061988830566e-01
9.555000066757202148e-01
9.589999914169311523e-01
9.689999818801879883e-01
