inf
inf
inf
inf
4.356999874114990234e+00
1.563750028610229492e+00
1.475999951362609863e+00
1.325000047683715820e+00
1.329499959945678711e+00
1.331249952316284180e+00
1.336249947547912598e+00
1.341750025749206543e+00
1.351500034332275391e+00
1.350250005722045898e+00
1.382500052452087402e+00
1.374250054359436035e+00
1.383249998092651367e+00
1.395249962806701660e+00
1.411999940872192383e+00
1.419000029563903809e+00
1.429749965667724609e+00
1.433750033378601074e+00
1.450500011444091797e+00
1.463999986648559570e+00
1.484500050544738770e+00
1.501749992370605469e+00
1.513749957084655762e+00
1.465749979019165039e+00
1.406499981880187988e+00
6.957499980926513672e-01
6.759999990463256836e-01
6.039999723434448242e-01
1.289999961853027344e+00
inf
6.397500038146972656e-01
6.409999728202819824e-01
6.767500042915344238e-01
1.142249941825866699e+00
1.130499958992004395e+00
1.100499987602233887e+00
1.092749953269958496e+00
1.076249957084655762e+00
1.067499995231628418e+00
1.019999980926513672e+00
1.011000037193298340e+00
1.010499954223632812e+00
9.804999828338623047e-01
inf
9.652500152587890625e-01
9.514999985694885254e-01
9.334999918937683105e-01
9.254999756813049316e-01
9.142500162124633789e-01
9.037500023841857910e-01
8.897500038146972656e-01
8.797500133514404297e-01
8.715000152587890625e-01
8.659999966621398926e-01
8.579999804496765137e-01
8.464999794960021973e-01
8.404999971389770508e-01
8.357499837875366211e-01
8.287500143051147461e-01
8.224999904632568359e-01
8.142499923706054688e-01
8.102499842643737793e-01
8.075000047683715820e-01
8.004999756813049316e-01
7.952499985694885254e-01
7.900000214576721191e-01
7.877500057220458984e-01
8.349999785423278809e-01
8.264999985694885254e-01
8.195000290870666504e-01
8.169999718666076660e-01
8.149999976158142090e-01
8.117499947547912598e-01
8.084999918937683105e-01
8.052499890327453613e-01
8.027499914169311523e-01
8.002499938011169434e-01
7.990000247955322266e-01
7.975000143051147461e-01
5.962499976158142090e-01
5.762500166893005371e-01
5.824999809265136719e-01
5.812500119209289551e-01
5.802500247955322266e-01
5.820000171661376953e-01
5.827500224113464355e-01
5.830000042915344238e-01
5.907499790191650391e-01
5.910000205039978027e-01
5.972499847412109375e-01
5.962499976158142090e-01
6.007500290870666504e-01
6.007500290870666504e-01
inf
inf
inf
inf
inf
inf
inf
inf
inf
inf
inf
inf
inf
inf
inf
inf
inf
inf
inf
inf
inf
inf
inf
