1.288249969482421875e+00
1.227749943733215332e+00
1.202250003814697266e+00
1.177000045776367188e+00
1.154250025749206543e+00
1.127750039100646973e+00
inf
1.082249999046325684e+00
1.042500019073486328e+00
1.024000048637390137e+00
1.008000016212463379e+00
9.907500147819519043e-01
9.539999961853027344e-01
9.394999742507934570e-01
9.252499938011169434e-01
9.104999899864196777e-01
8.964999914169311523e-01
8.687499761581420898e-01
8.569999933242797852e-01
8.454999923706054688e-01
8.345000147819519043e-01
8.237500190734863281e-01
8.149999976158142090e-01
7.972499728202819824e-01
7.877500057220458984e-01
7.789999842643737793e-01
7.724999785423278809e-01
7.762500047683715820e-01
7.937499880790710449e-01
7.922499775886535645e-01
7.864999771118164062e-01
7.779999971389770508e-01
7.689999938011169434e-01
7.634999752044677734e-01
inf
inf
inf
inf
inf
inf
inf
inf
inf
inf
4.855000078678131104e-01
inf
inf
inf
inf
6.825000047683715820e-01
6.815000176429748535e-01
inf
6.754999756813049316e-01
inf
6.737499833106994629e-01
6.712499856948852539e-01
inf
inf
inf
inf
4.625000059604644775e-01
inf
inf
inf
inf
inf
inf
3.867500126361846924e-01
inf
inf
inf
inf
inf
inf
inf
inf
inf
inf
4.625000059604644775e-01
inf
4.422500133514404297e-01
inf
4.275000095367431641e-01
4.120000004768371582e-01
inf
inf
3.914999961853027344e-01
3.869999945163726807e-01
inf
3.792499899864196777e-01
3.742499947547912598e-01
3.697499930858612061e-01
3.600000143051147461e-01
3.577499985694885254e-01
3.502500057220458984e-01
inf
3.382500112056732178e-01
3.382500112056732178e-01
inf
3.314999938011169434e-01
inf
3.227500021457672119e-01
3.215000033378601074e-01
3.162499964237213135e-01
3.162499964237213135e-01
3.157500028610229492e-01
3.134999871253967285e-01
3.057500123977661133e-01
3.057500123977661133e-01
3.064999878406524658e-01
3.057500123977661133e-01
3.012500107288360596e-01
3.017500042915344238e-01
2.949999868869781494e-01
2.949999868869781494e-01
inf
2.877500057220458984e-01
2.879999876022338867e-01
2.912499904632568359e-01
2.872500121593475342e-01
