inf
inf
2.010000050067901611e-01
1.907500028610229492e-01
1.949999928474426270e-01
1.892500072717666626e-01
1.877499967813491821e-01
1.819999963045120239e-01
inf
inf
1.564999967813491821e-01
1.477500051259994507e-01
1.465000063180923462e-01
1.452499926090240479e-01
1.435000002384185791e-01
1.395000070333480835e-01
1.327500045299530029e-01
1.327500045299530029e-01
1.307500004768371582e-01
1.239999979734420776e-01
1.267500072717666626e-01
inf
1.230000033974647522e-01
1.192499995231628418e-01
1.202500015497207642e-01
1.167500019073486328e-01
inf
1.177499964833259583e-01
inf
inf
inf
inf
inf
inf
inf
inf
6.597499847412109375e-01
1.162500023841857910e+00
1.093500018119812012e+00
1.096750020980834961e+00
1.082999944686889648e+00
1.072250008583068848e+00
1.061249971389770508e+00
1.014500021934509277e+00
1.010750055313110352e+00
9.990000128746032715e-01
9.785000085830688477e-01
9.750000238418579102e-01
9.622499942779541016e-01
9.505000114440917969e-01
9.315000176429748535e-01
9.225000143051147461e-01
9.127500057220458984e-01
9.017500281333923340e-01
8.849999904632568359e-01
8.777499794960021973e-01
8.679999709129333496e-01
8.637499809265136719e-01
8.550000190734863281e-01
8.489999771118164062e-01
8.370000123977661133e-01
8.327500224113464355e-01
8.295000195503234863e-01
8.174999952316284180e-01
8.132500052452087402e-01
8.087499737739562988e-01
8.042500019073486328e-01
7.975000143051147461e-01
7.932500243186950684e-01
7.894999980926513672e-01
7.864999771118164062e-01
8.347499966621398926e-01
8.215000033378601074e-01
8.192499876022338867e-01
8.165000081062316895e-01
8.142499923706054688e-01
8.092499971389770508e-01
8.065000176429748535e-01
8.044999837875366211e-01
7.994999885559082031e-01
8.000000119209289551e-01
7.975000143051147461e-01
7.969999909400939941e-01
5.757499933242797852e-01
5.812500119209289551e-01
5.805000066757202148e-01
5.814999938011169434e-01
5.799999833106994629e-01
5.792499780654907227e-01
5.817499756813049316e-01
5.907499790191650391e-01
5.910000205039978027e-01
5.910000205039978027e-01
5.920000076293945312e-01
5.952500104904174805e-01
inf
inf
inf
inf
inf
inf
inf
inf
inf
inf
inf
inf
inf
inf
inf
inf
inf
inf
inf
inf
inf
inf
inf
7.447500228881835938e-01
inf
