6.794999837875366211e-01
6.807500123977661133e-01
6.825000047683715820e-01
6.830000281333923340e-01
6.842499971389770508e-01
6.862499713897705078e-01
inf
3.957499861717224121e-01
3.677499890327453613e-01
3.574999868869781494e-01
3.650000095367431641e-01
inf
3.687500059604644775e-01
3.597500026226043701e-01
3.740000128746032715e-01
3.729999959468841553e-01
inf
5.452499985694885254e-01
5.419999957084655762e-01
5.202500224113464355e-01
5.207499861717224121e-01
5.292500257492065430e-01
5.239999890327453613e-01
5.220000147819519043e-01
5.202500224113464355e-01
5.157499909400939941e-01
5.095000267028808594e-01
5.080000162124633789e-01
5.032500028610229492e-01
4.932500123977661133e-01
4.889999926090240479e-01
4.875000119209289551e-01
4.842500090599060059e-01
4.839999973773956299e-01
4.745000004768371582e-01
4.717499911785125732e-01
4.735000133514404297e-01
4.765000045299530029e-01
5.329999923706054688e-01
5.382500290870666504e-01
5.534999966621398926e-01
5.507500171661376953e-01
5.572500228881835938e-01
5.655000209808349609e-01
inf
inf
inf
inf
inf
inf
inf
inf
inf
3.142499923706054688e-01
3.019999861717224121e-01
2.987500131130218506e-01
2.907499969005584717e-01
2.725000083446502686e-01
2.599999904632568359e-01
inf
2.607499957084655762e-01
2.520000040531158447e-01
2.489999979734420776e-01
2.450000047683715820e-01
inf
2.450000047683715820e-01
2.437500059604644775e-01
2.430000007152557373e-01
2.405000030994415283e-01
2.402500063180923462e-01
inf
2.402500063180923462e-01
2.392500042915344238e-01
2.409999966621398926e-01
2.422499954700469971e-01
inf
2.462500035762786865e-01
inf
inf
inf
4.325000047683715820e-01
4.302499890327453613e-01
4.292500019073486328e-01
4.257499873638153076e-01
4.237500131130218506e-01
4.217500090599060059e-01
4.214999973773956299e-01
4.199999868869781494e-01
4.194999933242797852e-01
4.194999933242797852e-01
4.197500050067901611e-01
4.197500050067901611e-01
4.207499921321868896e-01
4.232499897480010986e-01
4.252499938011169434e-01
4.280000030994415283e-01
4.309999942779541016e-01
4.332500100135803223e-01
4.345000088214874268e-01
inf
4.399999976158142090e-01
4.465000033378601074e-01
inf
inf
inf
9.707499742507934570e-01
9.682499766349792480e-01
9.762499928474426270e-01
9.804999828338623047e-01
9.869999885559082031e-01
1.001000046730041504e+00
1.008249998092651367e+00
1.017500042915344238e+00
1.023000001907348633e+00
1.032500028610229492e+00
1.038750052452087402e+00
1.059749960899353027e+00
1.067250013351440430e+00
1.077000021934509277e+00
1.087499976158142090e+00
