1.376000046730041504e+00
1.389000058174133301e+00
1.406250000000000000e+00
1.413499951362609863e+00
1.424499988555908203e+00
1.431499958038330078e+00
1.438750028610229492e+00
1.452250003814697266e+00
1.468750000000000000e+00
1.491250038146972656e+00
1.504250049591064453e+00
1.521000027656555176e+00
1.534749984741210938e+00
1.553750038146972656e+00
1.569249987602233887e+00
1.560750007629394531e+00
1.525500059127807617e+00
1.491500020027160645e+00
1.462749958038330078e+00
1.438249945640563965e+00
1.386749982833862305e+00
1.362499952316284180e+00
1.342000007629394531e+00
1.321499943733215332e+00
1.300250053405761719e+00
1.261500000953674316e+00
1.241000056266784668e+00
1.224499940872192383e+00
1.212000012397766113e+00
1.181249976158142090e+00
1.164499998092651367e+00
1.154000043869018555e+00
1.138249993324279785e+00
1.123000025749206543e+00
1.111500024795532227e+00
1.090999960899353027e+00
1.079499959945678711e+00
1.070000052452087402e+00
1.058249950408935547e+00
1.049999952316284180e+00
1.032500028610229492e+00
1.023000001907348633e+00
1.016749978065490723e+00
1.007750034332275391e+00
1.001749992370605469e+00
9.865000247955322266e-01
9.792500138282775879e-01
9.739999771118164062e-01
9.677500128746032715e-01
9.589999914169311523e-01
9.570000171661376953e-01
9.459999799728393555e-01
9.402499794960021973e-01
9.355000257492065430e-01
9.312499761581420898e-01
9.267500042915344238e-01
9.197499752044677734e-01
9.637500047683715820e-01
9.577500224113464355e-01
9.547500014305114746e-01
9.522500038146972656e-01
9.457499980926513672e-01
9.419999718666076660e-01
9.397500157356262207e-01
9.382500052452087402e-01
9.372500181198120117e-01
9.327499866485595703e-01
9.325000047683715820e-01
7.032499909400939941e-01
7.095000147819519043e-01
7.087500095367431641e-01
7.087500095367431641e-01
7.089999914169311523e-01
7.117499709129333496e-01
7.142500281333923340e-01
7.229999899864196777e-01
7.214999794960021973e-01
7.232499718666076660e-01
7.285000085830688477e-01
7.269999980926513672e-01
7.375000119209289551e-01
inf
7.375000119209289551e-01
inf
inf
inf
inf
inf
inf
inf
inf
inf
inf
inf
inf
inf
inf
8.560000061988830566e-01
inf
1.049499988555908203e+00
1.058750033378601074e+00
1.067250013351440430e+00
1.073750019073486328e+00
1.083250045776367188e+00
1.103749990463256836e+00
1.114750027656555176e+00
1.123000025749206543e+00
1.136999964714050293e+00
1.148249983787536621e+00
1.160249948501586914e+00
1.190000057220458984e+00
1.199499964714050293e+00
1.215250015258789062e+00
1.231250047683715820e+00
1.541000008583068848e+00
1.518249988555908203e+00
1.503999948501586914e+00
1.463500022888183594e+00
1.443500041961669922e+00
1.430500030517578125e+00
