inf
inf
inf
inf
4.313000202178955078e+00
1.510750055313110352e+00
1.407500028610229492e+00
1.336500048637390137e+00
1.325749993324279785e+00
1.330999970436096191e+00
1.335250020027160645e+00
1.338500022888183594e+00
1.349249958992004395e+00
1.341249942779541016e+00
1.372249960899353027e+00
1.374250054359436035e+00
1.379250049591064453e+00
1.396250009536743164e+00
1.410500049591064453e+00
1.414499998092651367e+00
1.424999952316284180e+00
1.437749981880187988e+00
1.445749998092651367e+00
1.473500013351440430e+00
1.484249949455261230e+00
1.496999979019165039e+00
1.510750055313110352e+00
1.467249989509582520e+00
1.406999945640563965e+00
1.388249993324279785e+00
6.790000200271606445e-01
6.132500171661376953e-01
6.217499971389770508e-01
inf
6.412500143051147461e-01
6.794999837875366211e-01
1.176249980926513672e+00
inf
1.130499958992004395e+00
1.097249984741210938e+00
1.083250045776367188e+00
1.071499943733215332e+00
1.064249992370605469e+00
1.022750020027160645e+00
1.011000037193298340e+00
1.004999995231628418e+00
9.829999804496765137e-01
inf
9.645000100135803223e-01
9.514999985694885254e-01
9.334999918937683105e-01
9.254999756813049316e-01
9.139999747276306152e-01
9.035000205039978027e-01
8.982499837875366211e-01
8.897500038146972656e-01
8.712499737739562988e-01
8.659999966621398926e-01
8.577499985694885254e-01
8.510000109672546387e-01
8.417500257492065430e-01
8.347499966621398926e-01
8.280000090599060059e-01
8.234999775886535645e-01
8.140000104904174805e-01
8.090000152587890625e-01
8.065000176429748535e-01
8.019999861717224121e-01
7.942500114440917969e-01
7.904999852180480957e-01
7.882500290870666504e-01
8.322499990463256836e-01
8.262500166893005371e-01
8.217499852180480957e-01
8.169999718666076660e-01
8.155000209808349609e-01
8.107500076293945312e-01
8.090000152587890625e-01
8.082500100135803223e-01
8.025000095367431641e-01
8.017500042915344238e-01
8.004999756813049316e-01
7.965000271797180176e-01
5.864999890327453613e-01
5.749999880790710449e-01
5.795000195503234863e-01
5.797500014305114746e-01
5.802500247955322266e-01
5.812500119209289551e-01
5.827500224113464355e-01
5.832499861717224121e-01
5.927500128746032715e-01
5.910000205039978027e-01
5.950000286102294922e-01
5.985000133514404297e-01
6.007500290870666504e-01
inf
inf
inf
inf
inf
inf
inf
inf
inf
inf
inf
inf
inf
inf
inf
inf
inf
inf
inf
inf
inf
inf
inf
inf
