1.272500038146972656e+00
1.246000051498413086e+00
1.218500018119812012e+00
1.174749970436096191e+00
1.151000022888183594e+00
1.123999953269958496e+00
1.104249954223632812e+00
1.086500048637390137e+00
1.046249985694885254e+00
1.027999997138977051e+00
1.011999964714050293e+00
9.944999814033508301e-01
9.602500200271606445e-01
9.467499852180480957e-01
9.322500228881835938e-01
9.182500243186950684e-01
8.897500038146972656e-01
8.750000000000000000e-01
8.634999990463256836e-01
8.429999947547912598e-01
8.330000042915344238e-01
8.247500061988830566e-01
8.152499794960021973e-01
8.029999732971191406e-01
7.882500290870666504e-01
7.797499895095825195e-01
7.732499837875366211e-01
7.912499904632568359e-01
8.042500019073486328e-01
7.944999933242797852e-01
7.882500290870666504e-01
7.795000076293945312e-01
7.664999961853027344e-01
inf
inf
inf
5.302500128746032715e-01
inf
inf
inf
inf
inf
inf
4.855000078678131104e-01
4.842500090599060059e-01
inf
inf
inf
6.842499971389770508e-01
6.825000047683715820e-01
inf
inf
6.690000295639038086e-01
inf
6.715000271797180176e-01
6.702499985694885254e-01
inf
inf
inf
inf
4.629999995231628418e-01
inf
inf
inf
inf
inf
inf
inf
3.867500126361846924e-01
inf
inf
inf
inf
inf
inf
inf
inf
4.625000059604644775e-01
4.555000066757202148e-01
inf
4.440000057220458984e-01
4.352500140666961670e-01
4.167500138282775879e-01
4.162499904632568359e-01
inf
inf
inf
inf
3.792499899864196777e-01
inf
3.697499930858612061e-01
inf
3.627499938011169434e-01
3.577499985694885254e-01
inf
3.497500121593475342e-01
3.447499871253967285e-01
3.382500112056732178e-01
3.332499861717224121e-01
inf
3.215000033378601074e-01
3.227500021457672119e-01
3.194999992847442627e-01
3.167499899864196777e-01
3.162499964237213135e-01
inf
3.134999871253967285e-01
3.092499971389770508e-01
3.067499995231628418e-01
3.059999942779541016e-01
3.012500107288360596e-01
3.009999990463256836e-01
inf
2.969999909400939941e-01
2.949999868869781494e-01
inf
inf
2.877500057220458984e-01
2.877500057220458984e-01
2.874999940395355225e-01
