1.586249947547912598e+00
1.531999945640563965e+00
1.483999967575073242e+00
1.406250000000000000e+00
1.369750022888183594e+00
1.331500053405761719e+00
1.302250027656555176e+00
1.270249962806701660e+00
1.218750000000000000e+00
1.189749956130981445e+00
1.164749979972839355e+00
1.139999985694885254e+00
1.097749948501586914e+00
1.077499985694885254e+00
1.055750012397766113e+00
1.037999987602233887e+00
1.003000020980834961e+00
9.890000224113464355e-01
9.710000157356262207e-01
9.539999961853027344e-01
9.392499923706054688e-01
9.120000004768371582e-01
8.995000123977661133e-01
8.830000162124633789e-01
8.727499842643737793e-01
8.495000004768371582e-01
8.392500281333923340e-01
8.295000195503234863e-01
8.102499842643737793e-01
8.022500276565551758e-01
7.940000295639038086e-01
7.832499742507934570e-01
7.760000228881835938e-01
7.649999856948852539e-01
7.795000076293945312e-01
7.972499728202819824e-01
7.932500243186950684e-01
7.850000262260437012e-01
7.789999842643737793e-01
7.659999728202819824e-01
7.695000171661376953e-01
inf
inf
inf
4.975000023841857910e-01
inf
inf
inf
7.117499709129333496e-01
inf
7.042499780654907227e-01
6.982499957084655762e-01
6.949999928474426270e-01
6.847500205039978027e-01
6.882500052452087402e-01
6.852499842643737793e-01
6.804999709129333496e-01
6.777499914169311523e-01
inf
inf
inf
inf
inf
inf
inf
inf
inf
inf
inf
inf
inf
3.607499897480010986e-01
inf
inf
3.540000021457672119e-01
inf
inf
inf
4.555000066757202148e-01
4.462499916553497314e-01
4.422500133514404297e-01
inf
inf
4.157499969005584717e-01
inf
inf
inf
inf
3.774999976158142090e-01
3.692499995231628418e-01
3.592500090599060059e-01
3.600000143051147461e-01
3.502500057220458984e-01
inf
3.497500121593475342e-01
3.442499935626983643e-01
3.379999995231628418e-01
3.332499861717224121e-01
inf
inf
3.227500021457672119e-01
3.167499899864196777e-01
3.165000081062316895e-01
3.157500028610229492e-01
inf
2.987500131130218506e-01
2.967500090599060059e-01
3.012500107288360596e-01
3.007499873638153076e-01
2.987500131130218506e-01
2.969999909400939941e-01
2.949999868869781494e-01
2.949999868869781494e-01
2.912499904632568359e-01
2.910000085830688477e-01
2.837499976158142090e-01
2.877500057220458984e-01
2.872500121593475342e-01
2.837499976158142090e-01
2.837499976158142090e-01
