4.704999923706054688e-01
4.787499904632568359e-01
4.835000038146972656e-01
4.897499978542327881e-01
4.979999959468841553e-01
5.099999904632568359e-01
5.404999852180480957e-01
inf
inf
1.616250038146972656e+00
1.668750047683715820e+00
1.634750008583068848e+00
1.651499986648559570e+00
1.660500049591064453e+00
1.674749970436096191e+00
1.686249971389770508e+00
1.719750046730041504e+00
1.732499957084655762e+00
1.740000009536743164e+00
1.755249977111816406e+00
1.788499951362609863e+00
1.746999979019165039e+00
1.718500018119812012e+00
1.677500009536743164e+00
1.610249996185302734e+00
1.580749988555908203e+00
1.556750059127807617e+00
1.503250002861022949e+00
1.471750020980834961e+00
1.450500011444091797e+00
1.425750017166137695e+00
1.382249951362609863e+00
1.361500024795532227e+00
1.343999981880187988e+00
1.327000021934509277e+00
1.290249943733215332e+00
1.276250004768371582e+00
1.259750008583068848e+00
1.231500029563903809e+00
1.215499997138977051e+00
1.202749967575073242e+00
1.193249940872192383e+00
1.167500019073486328e+00
1.157500028610229492e+00
1.145249962806701660e+00
1.131500005722045898e+00
1.114750027656555176e+00
1.103999972343444824e+00
1.096750020980834961e+00
1.079749941825866699e+00
1.073750019073486328e+00
1.065750002861022949e+00
1.057749986648559570e+00
1.052000045776367188e+00
1.085749983787536621e+00
1.080250024795532227e+00
1.071499943733215332e+00
1.059749960899353027e+00
1.055500030517578125e+00
1.049250006675720215e+00
1.043750047683715820e+00
8.102499842643737793e-01
inf
inf
inf
inf
7.914999723434448242e-01
7.914999723434448242e-01
7.854999899864196777e-01
7.875000238418579102e-01
7.817500233650207520e-01
7.817500233650207520e-01
7.762500047683715820e-01
7.760000228881835938e-01
7.762500047683715820e-01
7.705000042915344238e-01
7.724999785423278809e-01
7.702500224113464355e-01
7.717499732971191406e-01
7.735000252723693848e-01
7.739999890327453613e-01
7.829999923706054688e-01
7.817500233650207520e-01
7.817500233650207520e-01
7.835000157356262207e-01
7.914999723434448242e-01
inf
inf
inf
inf
inf
1.009999990463256836e+00
1.016499996185302734e+00
1.019500017166137695e+00
1.023499965667724609e+00
1.030500054359436035e+00
1.033750057220458984e+00
1.042500019073486328e+00
1.046749949455261230e+00
1.052999973297119141e+00
1.058750033378601074e+00
1.070250034332275391e+00
1.077499985694885254e+00
1.082499980926513672e+00
1.091249942779541016e+00
1.105000019073486328e+00
1.114750027656555176e+00
1.119750022888183594e+00
1.130499958992004395e+00
1.148499965667724609e+00
1.160750031471252441e+00
1.518499970436096191e+00
1.490749955177307129e+00
1.463500022888183594e+00
1.450749993324279785e+00
1.399999976158142090e+00
1.376999974250793457e+00
inf
1.321750044822692871e+00
1.305500030517578125e+00
