inf
inf
inf
inf
4.357749938964843750e+00
1.548499941825866699e+00
1.457749962806701660e+00
1.373499989509582520e+00
1.320999979972839355e+00
1.330500006675720215e+00
1.337249994277954102e+00
1.342749953269958496e+00
inf
1.350250005722045898e+00
1.360499978065490723e+00
1.374750018119812012e+00
1.384500026702880859e+00
1.395750045776367188e+00
1.405750036239624023e+00
1.408750057220458984e+00
1.431750059127807617e+00
1.439499974250793457e+00
1.452250003814697266e+00
1.463750004768371582e+00
1.476750016212463379e+00
1.491000056266784668e+00
1.498250007629394531e+00
1.457000017166137695e+00
1.417999982833862305e+00
1.390750050544738770e+00
1.335999965667724609e+00
1.320500016212463379e+00
inf
1.264000058174133301e+00
1.241750001907348633e+00
6.345000267028808594e-01
inf
6.554999947547912598e-01
1.093250036239624023e+00
1.096750020980834961e+00
1.082749962806701660e+00
1.072250008583068848e+00
1.067999958992004395e+00
1.023249983787536621e+00
1.010750055313110352e+00
9.987499713897705078e-01
9.915000200271606445e-01
9.792500138282775879e-01
9.710000157356262207e-01
9.484999775886535645e-01
9.375000000000000000e-01
9.282500147819519043e-01
9.177500009536743164e-01
8.999999761581420898e-01
8.914999961853027344e-01
8.845000267028808594e-01
8.750000000000000000e-01
8.662499785423278809e-01
8.550000190734863281e-01
8.470000028610229492e-01
8.420000076293945312e-01
8.370000123977661133e-01
8.297500014305114746e-01
8.192499876022338867e-01
8.147500157356262207e-01
8.122500181198120117e-01
8.067499995231628418e-01
8.017500042915344238e-01
7.944999933242797852e-01
7.902500033378601074e-01
7.887499928474426270e-01
8.284999728202819824e-01
8.262500166893005371e-01
8.187500238418579102e-01
8.172500133514404297e-01
8.152499794960021973e-01
8.119999766349792480e-01
8.069999814033508301e-01
8.059999942779541016e-01
8.034999966621398926e-01
8.007500171661376953e-01
7.987499833106994629e-01
7.982500195503234863e-01
inf
5.759999752044677734e-01
5.864999890327453613e-01
5.812500119209289551e-01
5.809999704360961914e-01
5.827500224113464355e-01
5.827500224113464355e-01
5.814999938011169434e-01
5.910000205039978027e-01
5.910000205039978027e-01
5.952500104904174805e-01
5.962499976158142090e-01
5.985000133514404297e-01
inf
inf
inf
inf
inf
inf
inf
inf
inf
inf
inf
inf
inf
inf
inf
inf
inf
inf
inf
inf
inf
inf
7.045000195503234863e-01
inf
