6.797500252723693848e-01
6.800000071525573730e-01
6.825000047683715820e-01
6.830000281333923340e-01
6.842499971389770508e-01
6.862499713897705078e-01
inf
3.957499861717224121e-01
3.680000007152557373e-01
3.577499985694885254e-01
3.639999926090240479e-01
inf
3.692499995231628418e-01
3.602499961853027344e-01
inf
3.742499947547912598e-01
inf
5.462499856948852539e-01
5.375000238418579102e-01
5.222499966621398926e-01
5.197499990463256836e-01
5.295000076293945312e-01
5.295000076293945312e-01
5.197499990463256836e-01
5.217499732971191406e-01
5.274999737739562988e-01
5.087500214576721191e-01
5.037500262260437012e-01
5.009999871253967285e-01
4.947499930858612061e-01
4.947499930858612061e-01
4.872500002384185791e-01
4.844999909400939941e-01
4.814999997615814209e-01
4.697499871253967285e-01
4.717499911785125732e-01
4.745000004768371582e-01
4.769999980926513672e-01
5.339999794960021973e-01
5.407500267028808594e-01
5.517500042915344238e-01
5.507500171661376953e-01
5.582500100135803223e-01
5.642499923706054688e-01
inf
inf
inf
inf
inf
inf
inf
inf
inf
inf
inf
inf
inf
inf
inf
inf
inf
2.594999969005584717e-01
2.245000004768371582e-01
inf
2.199999988079071045e-01
2.175000011920928955e-01
inf
inf
inf
inf
inf
inf
2.832500040531158447e-01
2.800000011920928955e-01
inf
2.779999971389770508e-01
1.982499957084655762e-01
2.007499933242797852e-01
1.982499957084655762e-01
1.992499977350234985e-01
1.990000009536743164e-01
2.002499997615814209e-01
2.014999985694885254e-01
2.004999965429306030e-01
1.982499957084655762e-01
1.889999955892562866e-01
1.889999955892562866e-01
1.827500015497207642e-01
1.774999946355819702e-01
1.739999949932098389e-01
1.707500070333480835e-01
1.652500033378601074e-01
1.632499992847442627e-01
1.612499952316284180e-01
1.582500040531158447e-01
1.572500020265579224e-01
1.552499979734420776e-01
1.550000011920928955e-01
1.529999971389770508e-01
1.527500003576278687e-01
1.519999951124191284e-01
1.519999951124191284e-01
1.515000015497207642e-01
1.512500047683715820e-01
1.509999930858612061e-01
1.515000015497207642e-01
1.515000015497207642e-01
1.522500067949295044e-01
1.544999927282333374e-01
1.550000011920928955e-01
1.597499996423721313e-01
inf
inf
inf
inf
inf
inf
inf
1.087249994277954102e+00
1.085999965667724609e+00
