6.807500123977661133e-01
6.812499761581420898e-01
6.815000176429748535e-01
6.817499995231628418e-01
6.852499842643737793e-01
6.980000138282775879e-01
4.042499959468841553e-01
3.964999914169311523e-01
3.714999854564666748e-01
3.552500009536743164e-01
3.632499873638153076e-01
3.692499995231628418e-01
3.759999871253967285e-01
3.610000014305114746e-01
inf
3.750000000000000000e-01
inf
5.469999909400939941e-01
5.382500290870666504e-01
5.257499814033508301e-01
5.199999809265136719e-01
5.325000286102294922e-01
5.310000181198120117e-01
5.205000042915344238e-01
5.220000147819519043e-01
5.235000252723693848e-01
5.112500190734863281e-01
5.044999718666076660e-01
5.009999871253967285e-01
4.942499995231628418e-01
4.884999990463256836e-01
4.872500002384185791e-01
4.844999909400939941e-01
4.812499880790710449e-01
4.715000092983245850e-01
4.704999923706054688e-01
4.747500121593475342e-01
4.774999916553497314e-01
5.364999771118164062e-01
5.440000295639038086e-01
5.429999828338623047e-01
inf
5.515000224113464355e-01
5.640000104904174805e-01
inf
inf
inf
inf
inf
inf
inf
inf
inf
inf
3.517499864101409912e-01
3.447499871253967285e-01
3.447499871253967285e-01
3.499999940395355225e-01
3.397499918937683105e-01
3.307499885559082031e-01
3.222500085830688477e-01
3.202500045299530029e-01
3.014999926090240479e-01
3.007499873638153076e-01
2.817499935626983643e-01
2.907499969005584717e-01
2.837499976158142090e-01
2.800000011920928955e-01
2.764999866485595703e-01
2.727499902248382568e-01
2.692500054836273193e-01
2.739999890327453613e-01
2.635000050067901611e-01
2.649999856948852539e-01
inf
inf
inf
inf
4.605000019073486328e-01
4.587500095367431641e-01
4.314999878406524658e-01
4.300000071525573730e-01
4.267500042915344238e-01
4.242500066757202148e-01
4.239999949932098389e-01
4.214999973773956299e-01
4.202499985694885254e-01
4.194999933242797852e-01
4.180000126361846924e-01
4.185000061988830566e-01
4.194999933242797852e-01
4.197500050067901611e-01
4.202499985694885254e-01
4.250000119209289551e-01
4.264999926090240479e-01
4.289999902248382568e-01
4.297499954700469971e-01
4.317499995231628418e-01
4.342499971389770508e-01
4.365000128746032715e-01
4.447500109672546387e-01
4.477500021457672119e-01
inf
inf
4.729999899864196777e-01
inf
9.704999923706054688e-01
9.757500290870666504e-01
9.812499880790710449e-01
9.944999814033508301e-01
1.000499963760375977e+00
1.006999969482421875e+00
1.013749957084655762e+00
1.021749973297119141e+00
1.038249969482421875e+00
1.046749949455261230e+00
1.059000015258789062e+00
1.067250013351440430e+00
1.077000021934509277e+00
1.085500001907348633e+00
