inf
4.355999946594238281e+00
4.317249774932861328e+00
1.510750055313110352e+00
1.419000029563903809e+00
1.332249999046325684e+00
1.326249957084655762e+00
inf
1.335000038146972656e+00
1.342749953269958496e+00
1.348250031471252441e+00
1.348999977111816406e+00
1.382500052452087402e+00
inf
inf
inf
inf
inf
1.469999998807907104e-01
inf
inf
1.334999948740005493e-01
1.272500008344650269e-01
inf
1.252499967813491821e-01
1.244999989867210388e-01
inf
inf
1.267500072717666626e-01
inf
1.180000007152557373e-01
1.180000007152557373e-01
1.192499995231628418e-01
1.169999986886978149e-01
inf
inf
inf
inf
inf
inf
inf
inf
inf
inf
inf
9.457499980926513672e-01
9.495000243186950684e-01
9.487500190734863281e-01
9.292500019073486328e-01
9.217500090599060059e-01
9.125000238418579102e-01
9.010000228881835938e-01
8.855000138282775879e-01
8.747500181198120117e-01
8.650000095367431641e-01
inf
inf
inf
inf
inf
inf
inf
inf
inf
inf
inf
8.197500109672546387e-01
7.952499985694885254e-01
7.864999771118164062e-01
8.360000252723693848e-01
8.212500214576721191e-01
8.190000057220458984e-01
8.167499899864196777e-01
8.142499923706054688e-01
8.105000257492065430e-01
8.062499761581420898e-01
8.047500252723693848e-01
8.027499914169311523e-01
7.994999885559082031e-01
7.975000143051147461e-01
7.960000038146972656e-01
inf
5.747500061988830566e-01
5.862500071525573730e-01
5.789999961853027344e-01
5.807499885559082031e-01
5.799999833106994629e-01
5.805000066757202148e-01
5.879999995231628418e-01
5.947499871253967285e-01
5.910000205039978027e-01
5.917500257492065430e-01
5.952500104904174805e-01
5.962499976158142090e-01
inf
inf
inf
inf
inf
inf
inf
inf
inf
inf
inf
inf
inf
inf
inf
inf
inf
inf
inf
inf
inf
inf
7.117499709129333496e-01
inf
9.580000042915344238e-01
9.657499790191650391e-01
