2.892499864101409912e-01
2.967500090599060059e-01
3.125000000000000000e-01
inf
inf
inf
1.286000013351440430e+00
1.316249966621398926e+00
1.320250034332275391e+00
1.335999965667724609e+00
1.222499966621398926e+00
1.286000013351440430e+00
1.412500023841857910e+00
1.423499941825866699e+00
1.426749944686889648e+00
1.437999963760375977e+00
1.450749993324279785e+00
1.457999944686889648e+00
1.314249992370605469e+00
1.306249976158142090e+00
1.406499981880187988e+00
1.521000027656555176e+00
1.548249959945678711e+00
1.530750036239624023e+00
inf
2.907499969005584717e-01
2.790000140666961670e-01
2.730000019073486328e-01
2.662500143051147461e-01
inf
2.972500026226043701e-01
3.007499873638153076e-01
2.849999964237213135e-01
2.772499918937683105e-01
2.442499995231628418e-01
2.700000107288360596e-01
2.399999946355819702e-01
2.422499954700469971e-01
inf
2.389999926090240479e-01
2.372500002384185791e-01
2.327499985694885254e-01
2.325000017881393433e-01
2.322500050067901611e-01
inf
2.422499954700469971e-01
inf
inf
2.745000123977661133e-01
2.617500126361846924e-01
2.594999969005584717e-01
2.610000073909759521e-01
2.612499892711639404e-01
inf
inf
inf
inf
inf
9.052500128746032715e-01
8.920000195503234863e-01
8.867499828338623047e-01
8.840000033378601074e-01
8.765000104904174805e-01
8.730000257492065430e-01
8.650000095367431641e-01
8.629999756813049316e-01
8.590000271797180176e-01
9.014999866485595703e-01
8.989999890327453613e-01
8.964999914169311523e-01
8.930000066757202148e-01
8.877500295639038086e-01
8.849999904632568359e-01
8.827499747276306152e-01
8.792499899864196777e-01
8.797500133514404297e-01
8.767499923706054688e-01
8.732500076293945312e-01
8.742499947547912598e-01
6.495000123977661133e-01
6.502500176429748535e-01
6.529999971389770508e-01
6.520000100135803223e-01
6.595000028610229492e-01
6.527500152587890625e-01
6.639999747276306152e-01
6.654999852180480957e-01
6.669999957084655762e-01
6.669999957084655762e-01
inf
inf
inf
inf
inf
inf
inf
inf
inf
inf
inf
inf
inf
inf
inf
inf
inf
inf
inf
inf
inf
inf
inf
1.030249953269958496e+00
1.033249974250793457e+00
1.042500019073486328e+00
1.050500035285949707e+00
1.062999963760375977e+00
1.070500016212463379e+00
1.093750000000000000e+00
1.103000044822692871e+00
