4.529749870300292969e+00
4.474750041961669922e+00
4.473000049591064453e+00
4.471000194549560547e+00
4.471000194549560547e+00
4.466499805450439453e+00
4.466499805450439453e+00
4.414000034332275391e+00
4.414999961853027344e+00
inf
7.958250045776367188e+00
7.958250045776367188e+00
7.958250045776367188e+00
7.958250045776367188e+00
7.958250045776367188e+00
7.958250045776367188e+00
7.958250045776367188e+00
7.958250045776367188e+00
7.958250045776367188e+00
7.958250045776367188e+00
7.958250045776367188e+00
7.958250045776367188e+00
7.958250045776367188e+00
7.958250045776367188e+00
7.958250045776367188e+00
inf
inf
4.602749824523925781e+00
4.658249855041503906e+00
4.659249782562255859e+00
4.662250041961669922e+00
4.721499919891357422e+00
inf
1.885750055313110352e+00
1.800500035285949707e+00
1.681499958038330078e+00
1.684999942779541016e+00
1.690000057220458984e+00
1.705500006675720215e+00
1.730999946594238281e+00
1.737499952316284180e+00
1.752249956130981445e+00
1.767500042915344238e+00
1.776999950408935547e+00
1.787750005722045898e+00
1.823750019073486328e+00
1.839249968528747559e+00
1.853999972343444824e+00
1.874750018119812012e+00
1.902999997138977051e+00
1.853500008583068848e+00
1.810250043869018555e+00
1.777999997138977051e+00
1.746500015258789062e+00
1.711750030517578125e+00
1.646250009536743164e+00
1.618999958038330078e+00
1.593999981880187988e+00
1.567250013351440430e+00
1.546499967575073242e+00
1.497499942779541016e+00
1.471500039100646973e+00
1.451500058174133301e+00
1.432000041007995605e+00
1.395499944686889648e+00
1.378499984741210938e+00
1.360499978065490723e+00
1.343250036239624023e+00
1.327499985694885254e+00
1.298750042915344238e+00
1.282500028610229492e+00
1.270499944686889648e+00
1.258999943733215332e+00
1.230999946594238281e+00
1.222499966621398926e+00
1.213250041007995605e+00
1.199499964714050293e+00
1.192999958992004395e+00
1.172250032424926758e+00
1.164250016212463379e+00
1.157999992370605469e+00
1.149500012397766113e+00
1.177749991416931152e+00
1.171000003814697266e+00
1.161749958992004395e+00
1.157750010490417480e+00
1.148749947547912598e+00
9.122499823570251465e-01
inf
inf
inf
inf
inf
inf
8.884999752044677734e-01
8.884999752044677734e-01
8.809999823570251465e-01
8.740000128746032715e-01
8.782500028610229492e-01
8.654999732971191406e-01
8.600000143051147461e-01
8.619999885559082031e-01
8.604999780654907227e-01
8.567500114440917969e-01
8.582500219345092773e-01
8.525000214576721191e-01
8.557500243186950684e-01
8.517500162124633789e-01
8.514999747276306152e-01
8.539999723434448242e-01
8.567500114440917969e-01
8.597499728202819824e-01
8.594999909400939941e-01
8.627499938011169434e-01
8.659999966621398926e-01
1.060999989509582520e+00
1.065000057220458984e+00
1.065750002861022949e+00
1.070250034332275391e+00
1.072749972343444824e+00
