inf
4.356999874114990234e+00
4.315499782562255859e+00
1.555500030517578125e+00
1.463500022888183594e+00
1.325000047683715820e+00
1.329499959945678711e+00
1.331500053405761719e+00
1.336750030517578125e+00
1.343500018119812012e+00
1.366250038146972656e+00
inf
inf
inf
1.807499974966049194e-01
1.774999946355819702e-01
1.764999926090240479e-01
1.742500066757202148e-01
1.689999997615814209e-01
1.632499992847442627e-01
1.620000004768371582e-01
1.609999984502792358e-01
1.615000069141387939e-01
inf
inf
inf
1.379999965429306030e-01
1.337500065565109253e-01
1.317500025033950806e-01
1.295000016689300537e-01
1.295000016689300537e-01
inf
inf
1.299999952316284180e-01
1.262499988079071045e-01
1.707500070333480835e-01
1.697500050067901611e-01
1.689999997615814209e-01
1.689999997615814209e-01
1.704999953508377075e-01
inf
inf
inf
inf
inf
inf
9.539999961853027344e-01
9.440000057220458984e-01
9.350000023841857910e-01
9.252499938011169434e-01
9.147499799728393555e-01
8.967499732971191406e-01
8.867499828338623047e-01
8.797500133514404297e-01
8.709999918937683105e-01
8.642500042915344238e-01
8.514999747276306152e-01
8.464999794960021973e-01
8.372499942779541016e-01
8.352500200271606445e-01
8.289999961853027344e-01
8.187500238418579102e-01
8.134999871253967285e-01
8.092499971389770508e-01
8.004999756813049316e-01
7.992500066757202148e-01
7.925000190734863281e-01
7.900000214576721191e-01
7.877500057220458984e-01
8.259999752044677734e-01
8.247500061988830566e-01
8.205000162124633789e-01
8.169999718666076660e-01
8.102499842643737793e-01
8.067499995231628418e-01
8.059999942779541016e-01
8.052499890327453613e-01
8.022500276565551758e-01
7.990000247955322266e-01
7.979999780654907227e-01
8.027499914169311523e-01
5.759999752044677734e-01
5.717499852180480957e-01
5.792499780654907227e-01
5.792499780654907227e-01
5.802500247955322266e-01
5.805000066757202148e-01
5.837500095367431641e-01
5.812500119209289551e-01
5.907499790191650391e-01
5.910000205039978027e-01
5.939999818801879883e-01
5.952500104904174805e-01
inf
inf
inf
inf
inf
inf
inf
inf
inf
inf
inf
inf
inf
inf
inf
inf
inf
inf
inf
inf
inf
inf
inf
7.375000119209289551e-01
inf
9.517499804496765137e-01
9.620000123977661133e-01
