4.460000097751617432e-01
4.469999969005584717e-01
4.524999856948852539e-01
4.532499909400939941e-01
4.512499868869781494e-01
4.695000052452087402e-01
4.717499911785125732e-01
4.727500081062316895e-01
4.987500011920928955e-01
5.040000081062316895e-01
5.417500138282775879e-01
5.502499938011169434e-01
inf
inf
1.799499988555908203e+00
1.825500011444091797e+00
1.734500050544738770e+00
1.685500025749206543e+00
1.659999966621398926e+00
1.628250002861022949e+00
1.578250050544738770e+00
1.552749991416931152e+00
1.521999955177307129e+00
1.491250038146972656e+00
1.445749998092651367e+00
1.421249985694885254e+00
1.401499986648559570e+00
1.384500026702880859e+00
1.338999986648559570e+00
1.322250008583068848e+00
1.314249992370605469e+00
1.293249964714050293e+00
1.261000037193298340e+00
1.249250054359436035e+00
1.232750058174133301e+00
1.213250041007995605e+00
1.199499964714050293e+00
1.191499948501586914e+00
1.177000045776367188e+00
1.168249964714050293e+00
1.147250056266784668e+00
1.136999964714050293e+00
1.124750018119812012e+00
1.105749964714050293e+00
1.100000023841857910e+00
1.093500018119812012e+00
1.084249973297119141e+00
1.070749998092651367e+00
1.101500034332275391e+00
1.103999972343444824e+00
1.097249984741210938e+00
1.092249989509582520e+00
1.077499985694885254e+00
1.071750044822692871e+00
1.076750040054321289e+00
8.259999752044677734e-01
inf
inf
inf
inf
inf
inf
inf
inf
inf
inf
8.042500019073486328e-01
8.019999861717224121e-01
8.042500019073486328e-01
7.894999980926513672e-01
7.875000238418579102e-01
7.914999723434448242e-01
7.914999723434448242e-01
7.914999723434448242e-01
7.914999723434448242e-01
inf
inf
inf
inf
inf
inf
inf
inf
inf
1.022500038146972656e+00
1.023499965667724609e+00
1.024000048637390137e+00
1.029500007629394531e+00
1.031999945640563965e+00
1.040750026702880859e+00
1.045500040054321289e+00
1.047500014305114746e+00
1.053500056266784668e+00
1.061249971389770508e+00
1.069499969482421875e+00
1.073750019073486328e+00
1.077749967575073242e+00
1.091500043869018555e+00
1.096750020980834961e+00
1.103500008583068848e+00
1.113250017166137695e+00
1.125749945640563965e+00
1.134750008583068848e+00
1.143000006675720215e+00
1.156999945640563965e+00
1.540249943733215332e+00
1.504250049591064453e+00
1.463750004768371582e+00
1.450999975204467773e+00
1.419499993324279785e+00
1.377750039100646973e+00
1.371250033378601074e+00
1.326750040054321289e+00
1.316249966621398926e+00
1.285249948501586914e+00
1.269749999046325684e+00
1.237249970436096191e+00
1.224499940872192383e+00
1.196750044822692871e+00
1.187500000000000000e+00
