4.413249969482421875e+00
4.407999992370605469e+00
4.653250217437744141e+00
inf
4.719500064849853516e+00
4.716249942779541016e+00
4.659249782562255859e+00
4.654250144958496094e+00
4.652249813079833984e+00
4.592999935150146484e+00
4.534500122070312500e+00
4.532499790191650391e+00
4.476500034332275391e+00
4.475749969482421875e+00
4.472000122070312500e+00
4.469250202178955078e+00
4.469250202178955078e+00
4.464000225067138672e+00
4.414999961853027344e+00
4.415750026702880859e+00
4.411499977111816406e+00
4.411499977111816406e+00
inf
inf
7.958250045776367188e+00
7.958250045776367188e+00
7.958250045776367188e+00
7.958250045776367188e+00
7.958250045776367188e+00
7.774000167846679688e+00
7.958250045776367188e+00
7.958250045776367188e+00
7.958250045776367188e+00
7.958250045776367188e+00
7.958250045776367188e+00
7.958250045776367188e+00
7.958250045776367188e+00
7.958250045776367188e+00
inf
inf
4.597000122070312500e+00
4.652249813079833984e+00
4.653250217437744141e+00
4.716249942779541016e+00
4.717500209808349609e+00
4.720499992370605469e+00
4.783500194549560547e+00
1.853000044822692871e+00
1.780249953269958496e+00
1.723999977111816406e+00
1.660750031471252441e+00
1.681499958038330078e+00
1.686249971389770508e+00
1.702000021934509277e+00
1.712249994277954102e+00
1.725250005722045898e+00
1.738749980926513672e+00
1.753749966621398926e+00
1.784749984741210938e+00
1.791249990463256836e+00
1.815250039100646973e+00
1.831500053405761719e+00
1.853000044822692871e+00
1.874250054359436035e+00
1.867750048637390137e+00
1.838500022888183594e+00
1.796000003814697266e+00
1.763000011444091797e+00
1.732249975204467773e+00
1.670500040054321289e+00
1.639000058174133301e+00
1.618250012397766113e+00
1.592749953269958496e+00
1.565999984741210938e+00
1.519999980926513672e+00
1.498000025749206543e+00
1.476750016212463379e+00
1.454749941825866699e+00
1.419250011444091797e+00
1.401999950408935547e+00
1.384999990463256836e+00
1.371250033378601074e+00
1.353500008583068848e+00
1.325999975204467773e+00
1.314749956130981445e+00
1.298750042915344238e+00
1.285249948501586914e+00
1.274500012397766113e+00
1.249500036239624023e+00
1.242750048637390137e+00
1.228250026702880859e+00
1.218999981880187988e+00
1.213000059127807617e+00
1.194000005722045898e+00
1.190500020980834961e+00
1.181249976158142090e+00
1.185500025749206543e+00
1.212499976158142090e+00
1.195500016212463379e+00
1.191499948501586914e+00
1.183750033378601074e+00
1.180250048637390137e+00
1.172500014305114746e+00
inf
inf
9.459999799728393555e-01
9.402499794960021973e-01
9.399999976158142090e-01
9.372500181198120117e-01
9.290000200271606445e-01
9.294999837875366211e-01
9.222499728202819824e-01
9.169999957084655762e-01
9.160000085830688477e-01
9.144999980926513672e-01
9.142500162124633789e-01
9.107499718666076660e-01
9.092500209808349609e-01
9.079999923706054688e-01
9.122499823570251465e-01
