4.402500092983245850e-01
4.512499868869781494e-01
4.632500112056732178e-01
4.659999907016754150e-01
4.699999988079071045e-01
4.740000069141387939e-01
4.769999980926513672e-01
4.807499945163726807e-01
4.860000014305114746e-01
4.950000047683715820e-01
5.237500071525573730e-01
5.452499985694885254e-01
5.789999961853027344e-01
inf
inf
1.751500010490417480e+00
1.602249979972839355e+00
1.590749979019165039e+00
1.594249963760375977e+00
1.610999941825866699e+00
inf
1.593750000000000000e+00
1.598250031471252441e+00
1.654000043869018555e+00
1.666499972343444824e+00
1.681249976158142090e+00
1.686750054359436035e+00
1.714249968528747559e+00
1.730999946594238281e+00
1.738250017166137695e+00
1.752750039100646973e+00
1.785249948501586914e+00
1.756999969482421875e+00
1.724499940872192383e+00
1.687500000000000000e+00
1.625499963760375977e+00
1.592499971389770508e+00
1.564749956130981445e+00
1.535249948501586914e+00
1.482499957084655762e+00
1.456750035285949707e+00
1.432250022888183594e+00
1.386999964714050293e+00
1.366750001907348633e+00
1.344499945640563965e+00
1.330999970436096191e+00
1.296749949455261230e+00
1.278249979019165039e+00
1.259500026702880859e+00
1.228999972343444824e+00
1.215000033378601074e+00
1.200000047683715820e+00
1.177500009536743164e+00
1.164250016212463379e+00
1.151999950408935547e+00
1.139000058174133301e+00
1.116750001907348633e+00
1.110999941825866699e+00
1.100749969482421875e+00
1.081500053405761719e+00
1.072749972343444824e+00
1.064000010490417480e+00
1.057250022888183594e+00
1.042500019073486328e+00
1.034999966621398926e+00
1.031000018119812012e+00
1.061249971389770508e+00
1.057000041007995605e+00
1.049000024795532227e+00
1.042750000953674316e+00
1.031749963760375977e+00
1.026499986648559570e+00
inf
8.215000033378601074e-01
inf
inf
inf
inf
7.732499837875366211e-01
7.732499837875366211e-01
7.692499756813049316e-01
7.620000243186950684e-01
7.632499933242797852e-01
7.540000081062316895e-01
7.530000209808349609e-01
7.484999895095825195e-01
7.482500076293945312e-01
7.465000152587890625e-01
7.457500100135803223e-01
7.437499761581420898e-01
7.417500019073486328e-01
7.432500123977661133e-01
7.442499995231628418e-01
7.447500228881835938e-01
7.467499971389770508e-01
7.469999790191650391e-01
7.480000257492065430e-01
7.547500133514404297e-01
7.580000162124633789e-01
7.634999752044677734e-01
7.692499756813049316e-01
7.732499837875366211e-01
inf
inf
9.772499799728393555e-01
9.777500033378601074e-01
9.875000119209289551e-01
9.884999990463256836e-01
9.917500019073486328e-01
9.975000023841857910e-01
1.005249977111816406e+00
1.010750055313110352e+00
1.013749957084655762e+00
1.021749973297119141e+00
1.026250004768371582e+00
1.035750031471252441e+00
1.044499993324279785e+00
1.049000024795532227e+00
1.060250043869018555e+00
1.070000052452087402e+00
