6.807500123977661133e-01
6.809999942779541016e-01
6.812499761581420898e-01
6.819999814033508301e-01
6.852499842643737793e-01
6.984999775886535645e-01
inf
4.072499871253967285e-01
3.797500133514404297e-01
inf
3.557499945163726807e-01
3.692499995231628418e-01
3.770000040531158447e-01
3.552500009536743164e-01
inf
3.759999871253967285e-01
5.485000014305114746e-01
5.437499880790710449e-01
5.385000109672546387e-01
5.260000228881835938e-01
5.180000066757202148e-01
5.310000181198120117e-01
5.202500224113464355e-01
5.210000276565551758e-01
5.220000147819519043e-01
5.192499756813049316e-01
5.080000162124633789e-01
5.040000081062316895e-01
5.009999871253967285e-01
4.945000112056732178e-01
4.884999990463256836e-01
4.872500002384185791e-01
4.850000143051147461e-01
4.814999997615814209e-01
4.695000052452087402e-01
4.715000092983245850e-01
4.740000069141387939e-01
4.774999916553497314e-01
5.339999794960021973e-01
5.404999852180480957e-01
5.500000119209289551e-01
5.500000119209289551e-01
5.580000281333923340e-01
5.647500157356262207e-01
inf
inf
inf
inf
inf
inf
inf
inf
inf
3.432500064373016357e-01
3.364999890327453613e-01
3.282499909400939941e-01
3.252499997615814209e-01
3.227500021457672119e-01
3.145000040531158447e-01
3.115000128746032715e-01
inf
3.064999878406524658e-01
3.032500147819519043e-01
2.817499935626983643e-01
inf
2.867499887943267822e-01
inf
2.767499983310699463e-01
2.759999930858612061e-01
2.697499990463256836e-01
inf
2.664999961853027344e-01
2.632499933242797852e-01
2.627499997615814209e-01
2.594999969005584717e-01
2.567499876022338867e-01
inf
2.545000016689300537e-01
inf
2.554999887943267822e-01
inf
inf
inf
4.157499969005584717e-01
4.225000143051147461e-01
4.207499921321868896e-01
4.187499880790710449e-01
4.180000126361846924e-01
4.185000061988830566e-01
4.182499945163726807e-01
4.194999933242797852e-01
4.197500050067901611e-01
4.217500090599060059e-01
4.244999885559082031e-01
4.264999926090240479e-01
4.295000135898590088e-01
4.309999942779541016e-01
4.327499866485595703e-01
4.342499971389770508e-01
4.372499883174896240e-01
4.420000016689300537e-01
inf
inf
inf
4.667499959468841553e-01
inf
9.689999818801879883e-01
9.747499823570251465e-01
9.819999933242797852e-01
9.872499704360961914e-01
1.000749945640563965e+00
1.007500052452087402e+00
1.016000032424926758e+00
1.022250056266784668e+00
1.032750010490417480e+00
1.047000050544738770e+00
1.058750033378601074e+00
1.067250013351440430e+00
1.077250003814697266e+00
1.085999965667724609e+00
