5.534999966621398926e-01
5.460000038146972656e-01
5.442500114440917969e-01
5.442500114440917969e-01
5.425000190734863281e-01
5.450000166893005371e-01
5.442500114440917969e-01
5.437499880790710449e-01
5.440000295639038086e-01
5.519999861717224121e-01
5.534999966621398926e-01
5.552499890327453613e-01
5.554999709129333496e-01
5.517500042915344238e-01
5.575000047683715820e-01
5.575000047683715820e-01
inf
inf
inf
inf
inf
inf
inf
7.732499837875366211e-01
7.757499814033508301e-01
7.802500128746032715e-01
7.814999818801879883e-01
7.867500185966491699e-01
7.912499904632568359e-01
8.025000095367431641e-01
8.054999709129333496e-01
8.094999790191650391e-01
8.152499794960021973e-01
8.195000290870666504e-01
8.314999938011169434e-01
8.392500281333923340e-01
8.462499976158142090e-01
8.529999852180480957e-01
8.604999780654907227e-01
8.042500019073486328e-01
inf
inf
inf
5.985000133514404297e-01
5.702499747276306152e-01
5.747500061988830566e-01
5.774999856948852539e-01
5.817499756813049316e-01
inf
inf
inf
inf
inf
inf
inf
inf
inf
inf
inf
inf
inf
inf
inf
inf
inf
inf
inf
inf
inf
inf
inf
inf
inf
inf
inf
inf
inf
inf
inf
8.970000147819519043e-01
8.945000171661376953e-01
8.857499957084655762e-01
8.842499852180480957e-01
8.799999952316284180e-01
8.815000057220458984e-01
8.090000152587890625e-01
8.115000128746032715e-01
8.087499737739562988e-01
8.082500100135803223e-01
8.047500252723693848e-01
8.062499761581420898e-01
8.047500252723693848e-01
8.019999861717224121e-01
8.052499890327453613e-01
8.360000252723693848e-01
8.694999814033508301e-01
8.669999837875366211e-01
8.672500252723693848e-01
8.672500252723693848e-01
8.722500205039978027e-01
8.717499971389770508e-01
8.722500205039978027e-01
8.762500286102294922e-01
8.744999766349792480e-01
8.837500214576721191e-01
8.887500166893005371e-01
8.892499804496765137e-01
8.920000195503234863e-01
8.970000147819519043e-01
8.972499966621398926e-01
9.097499847412109375e-01
9.169999957084655762e-01
9.200000166893005371e-01
9.262499809265136719e-01
9.292500019073486328e-01
9.347500205039978027e-01
9.357500076293945312e-01
9.482499957084655762e-01
9.447500109672546387e-01
9.597499966621398926e-01
