1.432500004768371582e+00
1.362750053405761719e+00
1.373749971389770508e+00
1.382500052452087402e+00
1.389250040054321289e+00
1.400249958038330078e+00
1.406000018119812012e+00
1.425500035285949707e+00
1.437500000000000000e+00
1.444749951362609863e+00
1.453999996185302734e+00
1.475000023841857910e+00
1.488000035285949707e+00
1.496749997138977051e+00
1.522250056266784668e+00
1.547250032424926758e+00
1.557250022888183594e+00
1.572499990463256836e+00
1.592249989509582520e+00
1.547999978065490723e+00
1.484249949455261230e+00
1.461500048637390137e+00
1.432749986648559570e+00
1.407999992370605469e+00
1.380499958992004395e+00
1.358999967575073242e+00
1.317250013351440430e+00
1.297999978065490723e+00
1.276250004768371582e+00
1.258749961853027344e+00
1.237499952316284180e+00
1.204749941825866699e+00
1.193750023841857910e+00
1.177749991416931152e+00
1.161749958992004395e+00
1.148249983787536621e+00
1.135249972343444824e+00
1.110499978065490723e+00
1.100749969482421875e+00
1.090999960899353027e+00
1.076500058174133301e+00
1.069749951362609863e+00
1.049999952316284180e+00
1.039499998092651367e+00
1.031000018119812012e+00
1.022750020027160645e+00
1.016999959945678711e+00
1.007750034332275391e+00
9.915000200271606445e-01
9.865000247955322266e-01
9.802500009536743164e-01
9.735000133514404297e-01
9.647499918937683105e-01
9.555000066757202148e-01
9.492499828338623047e-01
9.462500214576721191e-01
9.387500286102294922e-01
9.367499947547912598e-01
9.319999814033508301e-01
9.240000247955322266e-01
9.704999923706054688e-01
9.627500176429748535e-01
9.587500095367431641e-01
9.545000195503234863e-01
9.507499933242797852e-01
9.459999799728393555e-01
9.437500238418579102e-01
9.417499899864196777e-01
9.394999742507934570e-01
9.380000233650207520e-01
9.350000023841857910e-01
9.419999718666076660e-01
7.030000090599060059e-01
7.114999890327453613e-01
7.089999914169311523e-01
7.105000019073486328e-01
7.137500047683715820e-01
7.135000228881835938e-01
7.167500257492065430e-01
7.235000133514404297e-01
7.245000004768371582e-01
7.287499904632568359e-01
7.302500009536743164e-01
7.322499752044677734e-01
7.375000119209289551e-01
inf
inf
inf
inf
inf
inf
inf
inf
inf
inf
inf
inf
inf
inf
inf
inf
inf
1.049499988555908203e+00
1.056249976158142090e+00
1.064249992370605469e+00
1.075749993324279785e+00
1.082499980926513672e+00
1.100999951362609863e+00
1.113499999046325684e+00
1.123499989509582520e+00
1.133999943733215332e+00
1.147250056266784668e+00
1.159999966621398926e+00
1.174749970436096191e+00
1.198500037193298340e+00
1.213999986648559570e+00
1.227499961853027344e+00
1.237249970436096191e+00
1.525750041007995605e+00
1.503999948501586914e+00
