inf
4.358749866485595703e+00
4.315499782562255859e+00
1.547749996185302734e+00
1.446249961853027344e+00
1.321750044822692871e+00
1.330000042915344238e+00
1.332000017166137695e+00
1.336750030517578125e+00
1.338250041007995605e+00
1.347749948501586914e+00
1.358999967575073242e+00
inf
1.373000025749206543e+00
1.383499979972839355e+00
1.391250014305114746e+00
1.407250046730041504e+00
1.414250016212463379e+00
1.425750017166137695e+00
1.433500051498413086e+00
1.457749962806701660e+00
1.475499987602233887e+00
1.483250021934509277e+00
1.498000025749206543e+00
1.512249946594238281e+00
inf
1.406000018119812012e+00
1.382750034332275391e+00
inf
6.039999723434448242e-01
6.107500195503234863e-01
inf
1.238499999046325684e+00
1.200250029563903809e+00
inf
1.146250009536743164e+00
inf
inf
inf
inf
inf
inf
inf
inf
9.424999952316284180e-01
9.612500071525573730e-01
9.559999704360961914e-01
9.467499852180480957e-01
9.362499713897705078e-01
9.172499775886535645e-01
9.085000157356262207e-01
8.999999761581420898e-01
8.907499909400939941e-01
8.840000033378601074e-01
8.667500019073486328e-01
8.600000143051147461e-01
8.454999923706054688e-01
inf
inf
inf
inf
inf
inf
inf
inf
inf
8.217499852180480957e-01
7.892500162124633789e-01
8.015000224113464355e-01
8.264999985694885254e-01
8.255000114440917969e-01
8.212500214576721191e-01
8.157500028610229492e-01
8.144999742507934570e-01
8.092499971389770508e-01
8.067499995231628418e-01
8.025000095367431641e-01
8.002499938011169434e-01
7.979999780654907227e-01
7.969999909400939941e-01
7.954999804496765137e-01
5.874999761581420898e-01
5.745000243186950684e-01
5.799999833106994629e-01
5.789999961853027344e-01
5.807499885559082031e-01
5.799999833106994629e-01
5.812500119209289551e-01
5.935000181198120117e-01
5.910000205039978027e-01
5.910000205039978027e-01
5.917500257492065430e-01
5.962499976158142090e-01
inf
inf
inf
inf
inf
inf
inf
inf
inf
inf
inf
inf
inf
inf
inf
inf
inf
inf
inf
inf
inf
inf
inf
inf
inf
9.542499780654907227e-01
9.685000181198120117e-01
