1.266000032424926758e+00
1.236500024795532227e+00
1.227249979972839355e+00
1.187999963760375977e+00
1.135499954223632812e+00
1.113749980926513672e+00
1.091500043869018555e+00
1.073750019073486328e+00
1.054250001907348633e+00
1.033750057220458984e+00
9.982500076293945312e-01
9.789999723434448242e-01
9.649999737739562988e-01
9.474999904632568359e-01
9.322500228881835938e-01
9.035000205039978027e-01
8.914999961853027344e-01
8.752499818801879883e-01
8.637499809265136719e-01
8.514999747276306152e-01
8.317499756813049316e-01
8.195000290870666504e-01
8.119999766349792480e-01
8.019999861717224121e-01
7.922499775886535645e-01
7.782499790191650391e-01
7.687500119209289551e-01
7.827500104904174805e-01
8.002499938011169434e-01
7.997499704360961914e-01
7.910000085830688477e-01
7.760000228881835938e-01
7.682499885559082031e-01
7.677500247955322266e-01
inf
inf
5.270000100135803223e-01
inf
inf
inf
inf
inf
inf
inf
4.850000143051147461e-01
inf
inf
inf
inf
6.840000152587890625e-01
6.812499761581420898e-01
inf
6.737499833106994629e-01
inf
6.717500090599060059e-01
6.704999804496765137e-01
inf
inf
inf
inf
4.627499878406524658e-01
inf
inf
inf
inf
inf
inf
inf
inf
inf
3.670000135898590088e-01
inf
inf
inf
inf
inf
inf
inf
4.555000066757202148e-01
inf
4.452500045299530029e-01
4.365000128746032715e-01
4.167500138282775879e-01
4.142499864101409912e-01
inf
inf
inf
inf
3.792499899864196777e-01
3.697499930858612061e-01
3.689999878406524658e-01
3.670000135898590088e-01
3.592500090599060059e-01
3.600000143051147461e-01
3.502500057220458984e-01
3.447499871253967285e-01
3.447499871253967285e-01
3.384999930858612061e-01
3.382500112056732178e-01
3.332499861717224121e-01
inf
3.227500021457672119e-01
3.240000009536743164e-01
3.197500109672546387e-01
inf
3.157500028610229492e-01
3.134999871253967285e-01
3.009999990463256836e-01
3.007499873638153076e-01
3.059999942779541016e-01
3.012500107288360596e-01
3.005000054836273193e-01
2.949999868869781494e-01
2.949999868869781494e-01
2.910000085830688477e-01
inf
inf
2.867499887943267822e-01
2.877500057220458984e-01
2.882499992847442627e-01
