1.277999997138977051e+00
1.250000000000000000e+00
1.193750023841857910e+00
1.172000050544738770e+00
1.149999976158142090e+00
1.120499968528747559e+00
1.098250031471252441e+00
1.080000042915344238e+00
1.059000015258789062e+00
1.020499944686889648e+00
1.003250002861022949e+00
9.887499809265136719e-01
9.702500104904174805e-01
9.527500271797180176e-01
9.244999885559082031e-01
9.085000157356262207e-01
8.945000171661376953e-01
8.817499876022338867e-01
8.552500009536743164e-01
8.454999923706054688e-01
8.342499732971191406e-01
8.232499957084655762e-01
8.147500157356262207e-01
7.972499728202819824e-01
7.875000238418579102e-01
7.797499895095825195e-01
7.710000276565551758e-01
7.764999866485595703e-01
7.922499775886535645e-01
7.935000061988830566e-01
7.842500209808349609e-01
7.787500023841857910e-01
7.705000042915344238e-01
7.659999728202819824e-01
inf
5.137500166893005371e-01
inf
inf
inf
inf
inf
inf
inf
4.855000078678131104e-01
4.850000143051147461e-01
inf
inf
inf
inf
6.852499842643737793e-01
inf
inf
6.807500123977661133e-01
inf
6.717500090599060059e-01
inf
inf
inf
5.575000047683715820e-01
inf
inf
inf
inf
inf
inf
inf
inf
inf
inf
inf
3.607499897480010986e-01
inf
inf
inf
inf
inf
inf
inf
4.625000059604644775e-01
inf
inf
inf
4.252499938011169434e-01
4.104999899864196777e-01
inf
4.037500023841857910e-01
inf
3.914999961853027344e-01
inf
3.767499923706054688e-01
3.697499930858612061e-01
inf
3.592500090599060059e-01
inf
3.497500121593475342e-01
inf
3.447499871253967285e-01
inf
3.379999995231628418e-01
3.332499861717224121e-01
inf
3.247500061988830566e-01
3.227500021457672119e-01
3.215000033378601074e-01
3.162499964237213135e-01
3.134999871253967285e-01
3.134999871253967285e-01
3.062500059604644775e-01
3.092499971389770508e-01
3.062500059604644775e-01
2.947500050067901611e-01
3.009999990463256836e-01
2.987500131130218506e-01
2.949999868869781494e-01
2.949999868869781494e-01
inf
2.912499904632568359e-01
2.912499904632568359e-01
2.877500057220458984e-01
2.882499992847442627e-01
