1.592249989509582520e+00
1.607750058174133301e+00
1.619250059127807617e+00
1.634999990463256836e+00
1.652250051498413086e+00
1.670750021934509277e+00
1.687500000000000000e+00
1.695749998092651367e+00
1.660249948501586914e+00
1.626250028610229492e+00
1.594249963760375977e+00
1.564749956130981445e+00
1.534250020980834961e+00
1.481750011444091797e+00
1.451249957084655762e+00
1.430500030517578125e+00
1.407500028610229492e+00
1.386000037193298340e+00
1.342249989509582520e+00
1.329749941825866699e+00
1.307749986648559570e+00
1.288750052452087402e+00
1.274250030517578125e+00
1.240000009536743164e+00
1.223000049591064453e+00
1.212249994277954102e+00
1.195749998092651367e+00
1.188249945640563965e+00
1.162500023841857910e+00
1.149749994277954102e+00
1.133249998092651367e+00
1.123499989509582520e+00
1.111999988555908203e+00
1.105749964714050293e+00
1.092749953269958496e+00
1.082749962806701660e+00
1.075250029563903809e+00
1.064249992370605469e+00
1.056750059127807617e+00
1.042500019073486328e+00
1.037500023841857910e+00
1.031250000000000000e+00
1.024500012397766113e+00
1.017249941825866699e+00
1.008249998092651367e+00
1.001999974250793457e+00
9.944999814033508301e-01
1.006749987602233887e+00
1.032999992370605469e+00
1.026250004768371582e+00
1.021999955177307129e+00
1.017500042915344238e+00
1.012500047683715820e+00
1.007249951362609863e+00
1.005749940872192383e+00
1.001000046730041504e+00
9.987499713897705078e-01
9.955000281333923340e-01
9.925000071525573730e-01
9.912499785423278809e-01
9.887499809265136719e-01
9.872499704360961914e-01
9.869999885559082031e-01
9.865000247955322266e-01
9.840000271797180176e-01
inf
7.714999914169311523e-01
7.617499828338623047e-01
7.712500095367431641e-01
7.642499804496765137e-01
inf
7.792500257492065430e-01
7.792500257492065430e-01
inf
inf
inf
inf
inf
inf
inf
inf
inf
inf
inf
inf
inf
inf
inf
8.404999971389770508e-01
1.090000033378601074e+00
1.077749967575073242e+00
1.092499971389770508e+00
1.098749995231628418e+00
1.107750058174133301e+00
1.115499973297119141e+00
1.123749971389770508e+00
1.133749961853027344e+00
1.156999945640563965e+00
1.161999940872192383e+00
1.146000027656555176e+00
1.083250045776367188e+00
1.029250025749206543e+00
9.462500214576721191e-01
9.022499918937683105e-01
8.895000219345092773e-01
9.079999923706054688e-01
9.127500057220458984e-01
9.219999909400939941e-01
9.284999966621398926e-01
9.387500286102294922e-01
9.507499933242797852e-01
1.014000058174133301e+00
1.026749968528747559e+00
1.053249955177307129e+00
1.065750002861022949e+00
1.067749977111816406e+00
1.053750038146972656e+00
inf
inf
inf
