1.330000013113021851e-01
1.322499960660934448e-01
1.322499960660934448e-01
1.322499960660934448e-01
1.319999992847442627e-01
1.322499960660934448e-01
1.330000013113021851e-01
1.324999928474426270e-01
1.342500001192092896e-01
1.332499980926513672e-01
inf
1.352500021457672119e-01
1.385000050067901611e-01
1.400000005960464478e-01
1.420000046491622925e-01
1.442500054836273193e-01
1.477500051259994507e-01
inf
inf
inf
2.692500054836273193e-01
2.672500014305114746e-01
inf
2.610000073909759521e-01
2.605000138282775879e-01
2.402500063180923462e-01
2.367500066757202148e-01
2.240000069141387939e-01
2.302500009536743164e-01
2.210000008344650269e-01
2.197500020265579224e-01
2.192499935626983643e-01
2.202499955892562866e-01
inf
2.214999943971633911e-01
2.265000045299530029e-01
2.515000104904174805e-01
inf
inf
inf
inf
1.093750000000000000e+00
1.067250013351440430e+00
1.058500051498413086e+00
1.039250016212463379e+00
1.032750010490417480e+00
1.023499965667724609e+00
1.016999959945678711e+00
1.000749945640563965e+00
9.922500252723693848e-01
9.872499704360961914e-01
9.807500243186950684e-01
9.679999947547912598e-01
9.602500200271606445e-01
9.555000066757202148e-01
9.509999752044677734e-01
9.415000081062316895e-01
9.355000257492065430e-01
9.309999942779541016e-01
9.247499704360961914e-01
9.210000038146972656e-01
9.685000181198120117e-01
9.587500095367431641e-01
9.557499885559082031e-01
9.490000009536743164e-01
9.452499747276306152e-01
9.424999952316284180e-01
9.384999871253967285e-01
9.352499842643737793e-01
9.332500100135803223e-01
9.312499761581420898e-01
inf
7.074999809265136719e-01
7.062500119209289551e-01
7.047500014305114746e-01
7.059999704360961914e-01
7.074999809265136719e-01
7.045000195503234863e-01
7.047500014305114746e-01
7.112500071525573730e-01
7.097499966621398926e-01
inf
inf
inf
inf
inf
inf
inf
inf
inf
inf
inf
inf
inf
inf
inf
inf
inf
inf
inf
inf
inf
1.035750031471252441e+00
1.030750036239624023e+00
1.037999987602233887e+00
1.051749944686889648e+00
1.060250043869018555e+00
1.069499969482421875e+00
1.077250003814697266e+00
1.086500048637390137e+00
1.105000019073486328e+00
1.115749955177307129e+00
1.124750018119812012e+00
1.138749957084655762e+00
1.151749968528747559e+00
1.177250027656555176e+00
1.191499948501586914e+00
1.203500032424926758e+00
1.221500039100646973e+00
1.233250021934509277e+00
