6.797500252723693848e-01
6.809999942779541016e-01
6.817499995231628418e-01
6.837499737739562988e-01
6.847500205039978027e-01
6.877499818801879883e-01
4.132499992847442627e-01
3.989999890327453613e-01
3.947499990463256836e-01
3.574999868869781494e-01
3.634999990463256836e-01
3.689999878406524658e-01
3.707500100135803223e-01
3.577499985694885254e-01
3.770000040531158447e-01
3.767499923706054688e-01
inf
5.519999861717224121e-01
5.422499775886535645e-01
5.339999794960021973e-01
5.217499732971191406e-01
5.292500257492065430e-01
5.270000100135803223e-01
5.212500095367431641e-01
5.220000147819519043e-01
5.155000090599060059e-01
5.097500085830688477e-01
5.040000081062316895e-01
4.959999918937683105e-01
4.937500059604644775e-01
4.907500147819519043e-01
4.877499938011169434e-01
4.850000143051147461e-01
4.805000126361846924e-01
4.740000069141387939e-01
4.722500145435333252e-01
4.732500016689300537e-01
4.757499992847442627e-01
5.332499742507934570e-01
5.357499718666076660e-01
inf
5.507500171661376953e-01
5.552499890327453613e-01
5.630000233650207520e-01
5.749999880790710449e-01
inf
inf
inf
inf
inf
inf
inf
inf
inf
inf
inf
inf
inf
3.350000083446502686e-01
3.162499964237213135e-01
2.949999868869781494e-01
2.894999980926513672e-01
2.817499935626983643e-01
inf
2.700000107288360596e-01
2.677499949932098389e-01
2.617500126361846924e-01
2.594999969005584717e-01
2.587499916553497314e-01
2.562499940395355225e-01
inf
2.545000016689300537e-01
2.532500028610229492e-01
2.524999976158142090e-01
2.524999976158142090e-01
2.529999911785125732e-01
2.540000081062316895e-01
2.547500133514404297e-01
2.549999952316284180e-01
2.557500004768371582e-01
inf
inf
4.275000095367431641e-01
4.252499938011169434e-01
4.237500131130218506e-01
4.225000143051147461e-01
4.217500090599060059e-01
4.185000061988830566e-01
4.189999997615814209e-01
4.192500114440917969e-01
4.194999933242797852e-01
4.197500050067901611e-01
4.232499897480010986e-01
4.247500002384185791e-01
4.257499873638153076e-01
inf
4.302499890327453613e-01
4.322499930858612061e-01
4.350000023841857910e-01
4.375000000000000000e-01
4.417499899864196777e-01
inf
inf
inf
4.657500088214874268e-01
inf
9.697499871253967285e-01
9.772499799728393555e-01
9.825000166893005371e-01
9.877499938011169434e-01
9.950000047683715820e-01
1.011749982833862305e+00
1.016749978065490723e+00
1.025249958038330078e+00
1.034749984741210938e+00
1.042000055313110352e+00
1.059749960899353027e+00
1.067499995231628418e+00
1.077499985694885254e+00
1.087249994277954102e+00
