inf
inf
inf
inf
inf
inf
inf
inf
inf
inf
inf
inf
inf
inf
inf
inf
inf
inf
inf
inf
inf
inf
inf
inf
inf
inf
inf
5.812500119209289551e-01
5.855000019073486328e-01
5.742499828338623047e-01
5.780000090599060059e-01
5.609999895095825195e-01
7.770000100135803223e-01
7.655000090599060059e-01
7.645000219345092773e-01
7.639999985694885254e-01
7.634999752044677734e-01
7.605000138282775879e-01
7.595000267028808594e-01
7.597500085830688477e-01
7.605000138282775879e-01
7.602499723434448242e-01
7.602499723434448242e-01
7.630000114440917969e-01
7.620000243186950684e-01
7.642499804496765137e-01
7.645000219345092773e-01
7.659999728202819824e-01
7.699999809265136719e-01
7.705000042915344238e-01
7.742499709129333496e-01
7.772499918937683105e-01
7.797499895095825195e-01
7.847499847412109375e-01
7.882500290870666504e-01
7.902500033378601074e-01
7.950000166893005371e-01
8.019999861717224121e-01
8.075000047683715820e-01
8.130000233650207520e-01
8.174999952316284180e-01
8.202499747276306152e-01
8.314999938011169434e-01
8.379999995231628418e-01
8.422499895095825195e-01
8.462499976158142090e-01
1.245749950408935547e+00
1.218500018119812012e+00
1.196249961853027344e+00
1.154000043869018555e+00
1.126749992370605469e+00
1.093750000000000000e+00
1.067999958992004395e+00
1.051749944686889648e+00
1.020249962806701660e+00
1.007500052452087402e+00
9.704999923706054688e-01
9.607499837875366211e-01
9.430000185966491699e-01
9.122499823570251465e-01
9.014999866485595703e-01
8.755000233650207520e-01
8.632500171661376953e-01
8.492500185966491699e-01
8.332499861717224121e-01
8.192499876022338867e-01
8.107500076293945312e-01
8.059999942779541016e-01
7.814999818801879883e-01
7.732499837875366211e-01
7.710000276565551758e-01
7.597500085830688477e-01
7.480000257492065430e-01
7.375000119209289551e-01
7.287499904632568359e-01
7.264999747276306152e-01
7.142500281333923340e-01
6.965000033378601074e-01
6.909999847412109375e-01
6.767500042915344238e-01
6.767500042915344238e-01
6.765000224113464355e-01
6.644999980926513672e-01
6.592500209808349609e-01
6.537500023841857910e-01
6.487500071525573730e-01
6.497499942779541016e-01
6.472499966621398926e-01
6.402500271797180176e-01
6.374999880790710449e-01
6.302499771118164062e-01
6.322500109672546387e-01
6.299999952316284180e-01
6.280000209808349609e-01
6.217499971389770508e-01
6.262500286102294922e-01
6.154999732971191406e-01
6.157500147819519043e-01
6.134999990463256836e-01
6.117500066757202148e-01
