6.784999966621398926e-01
6.804999709129333496e-01
6.807500123977661133e-01
6.842499971389770508e-01
6.850000023841857910e-01
6.875000000000000000e-01
4.267500042915344238e-01
3.984999954700469971e-01
3.902499973773956299e-01
3.577499985694885254e-01
3.592500090599060059e-01
3.675000071525573730e-01
3.600000143051147461e-01
3.582499921321868896e-01
3.777500092983245850e-01
3.714999854564666748e-01
inf
5.450000166893005371e-01
5.422499775886535645e-01
5.342500209808349609e-01
5.245000123977661133e-01
5.292500257492065430e-01
5.262500047683715820e-01
5.220000147819519043e-01
5.220000147819519043e-01
5.157499909400939941e-01
5.090000033378601074e-01
5.040000081062316895e-01
5.027499794960021973e-01
4.925000071525573730e-01
4.900000095367431641e-01
4.875000119209289551e-01
4.842500090599060059e-01
4.839999973773956299e-01
4.745000004768371582e-01
4.717499911785125732e-01
4.732500016689300537e-01
4.762499928474426270e-01
5.329999923706054688e-01
5.377500057220458984e-01
5.285000205039978027e-01
5.509999990463256836e-01
5.565000176429748535e-01
5.655000209808349609e-01
inf
inf
inf
inf
inf
inf
inf
inf
inf
inf
inf
3.247500061988830566e-01
3.204999864101409912e-01
3.082500100135803223e-01
3.022499978542327881e-01
3.007499873638153076e-01
inf
2.865000069141387939e-01
2.804999947547912598e-01
2.762500047683715820e-01
2.687500119209289551e-01
inf
2.664999961853027344e-01
2.652499973773956299e-01
2.594999969005584717e-01
inf
2.567499876022338867e-01
2.572500109672546387e-01
2.529999911785125732e-01
2.515000104904174805e-01
2.527500092983245850e-01
2.537499964237213135e-01
2.529999911785125732e-01
inf
2.587499916553497314e-01
inf
inf
4.297499954700469971e-01
4.252499938011169434e-01
4.237500131130218506e-01
4.219999909400939941e-01
4.210000038146972656e-01
4.197500050067901611e-01
4.185000061988830566e-01
4.187499880790710449e-01
4.185000061988830566e-01
4.197500050067901611e-01
4.205000102519989014e-01
4.207499921321868896e-01
4.239999949932098389e-01
4.255000054836273193e-01
4.267500042915344238e-01
4.295000135898590088e-01
4.309999942779541016e-01
4.337500035762786865e-01
4.359999895095825195e-01
4.399999976158142090e-01
inf
inf
inf
4.695000052452087402e-01
inf
9.707499742507934570e-01
9.747499823570251465e-01
9.802500009536743164e-01
9.872499704360961914e-01
1.001250028610229492e+00
1.009250044822692871e+00
1.016250014305114746e+00
1.022250056266784668e+00
1.032999992370605469e+00
1.047500014305114746e+00
1.059249997138977051e+00
1.066750049591064453e+00
1.077250003814697266e+00
1.085999965667724609e+00
