2.004999965429306030e-01
1.917500048875808716e-01
1.895000040531158447e-01
1.922499984502792358e-01
1.864999979734420776e-01
1.840000003576278687e-01
1.807499974966049194e-01
inf
1.550000011920928955e-01
1.550000011920928955e-01
1.497499942779541016e-01
1.452499926090240479e-01
1.435000002384185791e-01
inf
1.392499953508377075e-01
1.379999965429306030e-01
1.299999952316284180e-01
1.317500025033950806e-01
1.257500052452087402e-01
1.212500035762786865e-01
1.192499995231628418e-01
1.192499995231628418e-01
1.199999973177909851e-01
1.182499974966049194e-01
inf
1.169999986886978149e-01
1.169999986886978149e-01
1.177499964833259583e-01
inf
inf
inf
inf
inf
inf
inf
6.437500119209289551e-01
1.154749989509582520e+00
inf
1.126749992370605469e+00
1.097000002861022949e+00
1.082999944686889648e+00
1.071499943733215332e+00
1.023249983787536621e+00
1.014500021934509277e+00
1.011000037193298340e+00
1.001749992370605469e+00
1.151499986648559570e+00
9.837499856948852539e-01
9.607499837875366211e-01
9.502500295639038086e-01
9.307500123977661133e-01
9.219999909400939941e-01
9.120000004768371582e-01
9.017500281333923340e-01
8.852499723434448242e-01
8.777499794960021973e-01
8.679999709129333496e-01
8.629999756813049316e-01
8.552500009536743164e-01
8.445000052452087402e-01
8.372499942779541016e-01
8.327500224113464355e-01
8.284999728202819824e-01
8.220000267028808594e-01
8.137500286102294922e-01
8.090000152587890625e-01
8.047500252723693848e-01
8.009999990463256836e-01
7.914999723434448242e-01
7.892500162124633789e-01
7.867500185966491699e-01
8.307499885559082031e-01
8.247500061988830566e-01
8.177499771118164062e-01
8.152499794960021973e-01
8.137500286102294922e-01
8.087499737739562988e-01
8.069999814033508301e-01
8.050000071525573730e-01
8.009999990463256836e-01
8.000000119209289551e-01
7.969999909400939941e-01
7.957500219345092773e-01
5.855000019073486328e-01
5.749999880790710449e-01
5.809999704360961914e-01
5.802500247955322266e-01
5.807499885559082031e-01
5.795000195503234863e-01
5.830000042915344238e-01
5.799999833106994629e-01
5.910000205039978027e-01
5.910000205039978027e-01
5.929999947547912598e-01
5.962499976158142090e-01
5.962499976158142090e-01
inf
inf
inf
inf
inf
inf
inf
inf
inf
inf
inf
inf
inf
inf
inf
inf
inf
inf
inf
inf
inf
inf
6.945000290870666504e-01
9.727500081062316895e-01
