inf
1.669999957084655762e-01
1.457500010728836060e-01
1.457500010728836060e-01
1.589999943971633911e-01
1.572500020265579224e-01
1.560000032186508179e-01
1.557500064373016357e-01
1.557500064373016357e-01
1.557500064373016357e-01
1.557500064373016357e-01
1.557500064373016357e-01
1.572500020265579224e-01
1.582500040531158447e-01
1.602499932050704956e-01
1.602499932050704956e-01
1.612499952316284180e-01
1.829999983310699463e-01
1.887499988079071045e-01
inf
inf
inf
inf
inf
inf
inf
1.512249946594238281e+00
1.424749970436096191e+00
1.410249948501586914e+00
1.382500052452087402e+00
6.759999990463256836e-01
1.305500030517578125e+00
6.517500281333923340e-01
inf
6.282500028610229492e-01
inf
1.175500035285949707e+00
inf
1.130249977111816406e+00
1.097249984741210938e+00
1.089499950408935547e+00
1.071499943733215332e+00
1.067499995231628418e+00
1.020249962806701660e+00
1.011250019073486328e+00
1.173249959945678711e+00
9.802500009536743164e-01
inf
9.617499709129333496e-01
9.412500262260437012e-01
9.315000176429748535e-01
9.217500090599060059e-01
9.132500290870666504e-01
9.045000076293945312e-01
8.865000009536743164e-01
8.777499794960021973e-01
8.679999709129333496e-01
8.642500042915344238e-01
8.554999828338623047e-01
8.437500000000000000e-01
8.372499942779541016e-01
8.320000171661376953e-01
8.282499909400939941e-01
8.167499899864196777e-01
8.137500286102294922e-01
8.092499971389770508e-01
8.052499890327453613e-01
8.012499809265136719e-01
7.919999957084655762e-01
7.889999747276306152e-01
7.887499928474426270e-01
8.295000195503234863e-01
8.247500061988830566e-01
8.177499771118164062e-01
8.157500028610229492e-01
8.142499923706054688e-01
8.100000023841857910e-01
8.054999709129333496e-01
8.050000071525573730e-01
8.007500171661376953e-01
8.007500171661376953e-01
7.979999780654907227e-01
7.957500219345092773e-01
5.795000195503234863e-01
5.752500295639038086e-01
5.789999961853027344e-01
5.817499756813049316e-01
5.805000066757202148e-01
5.814999938011169434e-01
5.792499780654907227e-01
5.837500095367431641e-01
5.907499790191650391e-01
5.910000205039978027e-01
5.939999818801879883e-01
5.952500104904174805e-01
5.962499976158142090e-01
inf
inf
inf
inf
inf
inf
inf
inf
inf
inf
inf
inf
inf
inf
inf
inf
inf
inf
inf
inf
inf
inf
inf
inf
