inf
inf
inf
2.055000066757202148e-01
1.952500045299530029e-01
1.917500048875808716e-01
1.889999955892562866e-01
1.827500015497207642e-01
inf
1.662500053644180298e-01
1.612499952316284180e-01
1.497499942779541016e-01
1.500000059604644775e-01
1.459999978542327881e-01
1.449999958276748657e-01
1.395000070333480835e-01
inf
1.347499936819076538e-01
inf
1.299999952316284180e-01
1.282500028610229492e-01
inf
1.222499981522560120e-01
1.202500015497207642e-01
1.185000017285346985e-01
1.182499974966049194e-01
1.182499974966049194e-01
inf
1.167500019073486328e-01
1.169999986886978149e-01
inf
inf
inf
inf
inf
inf
inf
6.507499814033508301e-01
1.093500018119812012e+00
1.096750020980834961e+00
1.082749962806701660e+00
1.072250008583068848e+00
1.061249971389770508e+00
1.014000058174133301e+00
1.011000037193298340e+00
1.009750008583068848e+00
9.779999852180480957e-01
9.742500185966491699e-01
9.592499732971191406e-01
9.502500295639038086e-01
9.392499923706054688e-01
9.204999804496765137e-01
9.114999771118164062e-01
9.010000228881835938e-01
8.942499756813049316e-01
8.765000104904174805e-01
8.677499890327453613e-01
8.625000119209289551e-01
8.552500009536743164e-01
8.479999899864196777e-01
8.370000123977661133e-01
8.317499756813049316e-01
8.277500271797180176e-01
8.220000267028808594e-01
8.119999766349792480e-01
8.094999790191650391e-01
8.042500019073486328e-01
8.002499938011169434e-01
7.922499775886535645e-01
7.889999747276306152e-01
7.889999747276306152e-01
8.292499780654907227e-01
8.249999880790710449e-01
8.174999952316284180e-01
8.149999976158142090e-01
8.137500286102294922e-01
8.090000152587890625e-01
8.065000176429748535e-01
8.050000071525573730e-01
8.009999990463256836e-01
8.009999990463256836e-01
7.969999909400939941e-01
7.952499985694885254e-01
5.862500071525573730e-01
5.749999880790710449e-01
5.792499780654907227e-01
5.799999833106994629e-01
5.807499885559082031e-01
5.802500247955322266e-01
5.822499990463256836e-01
5.809999704360961914e-01
5.907499790191650391e-01
5.910000205039978027e-01
5.939999818801879883e-01
inf
inf
inf
inf
inf
inf
inf
inf
inf
inf
inf
inf
inf
inf
inf
inf
inf
inf
inf
inf
inf
inf
inf
inf
6.982499957084655762e-01
inf
