1.261999964714050293e+00
1.235749959945678711e+00
1.209249973297119141e+00
1.188500046730041504e+00
1.140499949455261230e+00
1.116750001907348633e+00
1.098000049591064453e+00
1.077000021934509277e+00
1.057500004768371582e+00
1.023000001907348633e+00
1.004750013351440430e+00
9.872499704360961914e-01
9.707499742507934570e-01
9.412500262260437012e-01
9.277499914169311523e-01
9.097499847412109375e-01
8.982499837875366211e-01
8.700000047683715820e-01
8.607500195503234863e-01
8.479999899864196777e-01
8.392500281333923340e-01
8.184999823570251465e-01
8.117499947547912598e-01
8.012499809265136719e-01
7.919999957084655762e-01
7.835000157356262207e-01
7.687500119209289551e-01
7.812500000000000000e-01
7.977499961853027344e-01
7.985000014305114746e-01
7.852500081062316895e-01
7.785000205039978027e-01
7.697499990463256836e-01
7.639999985694885254e-01
inf
5.127500295639038086e-01
inf
inf
inf
inf
inf
inf
inf
inf
4.855000078678131104e-01
inf
inf
inf
inf
6.840000152587890625e-01
6.804999709129333496e-01
inf
6.747499704360961914e-01
inf
7.012500166893005371e-01
6.715000271797180176e-01
inf
inf
inf
inf
inf
inf
inf
inf
inf
inf
inf
inf
inf
inf
inf
inf
inf
inf
inf
inf
inf
inf
inf
4.444999992847442627e-01
inf
inf
4.269999861717224121e-01
4.157499969005584717e-01
inf
inf
inf
inf
inf
3.792499899864196777e-01
3.697499930858612061e-01
3.607499897480010986e-01
3.600000143051147461e-01
3.600000143051147461e-01
3.502500057220458984e-01
inf
3.454999923706054688e-01
3.382500112056732178e-01
3.332499861717224121e-01
3.227500021457672119e-01
inf
3.215000033378601074e-01
3.227500021457672119e-01
3.197500109672546387e-01
3.162499964237213135e-01
3.162499964237213135e-01
3.134999871253967285e-01
3.092499971389770508e-01
inf
3.062500059604644775e-01
3.012500107288360596e-01
2.987500131130218506e-01
2.949999868869781494e-01
inf
2.967500090599060059e-01
inf
inf
2.877500057220458984e-01
2.877500057220458984e-01
2.837499976158142090e-01
