1.288249969482421875e+00
1.228250026702880859e+00
1.199749946594238281e+00
1.179499983787536621e+00
1.154999971389770508e+00
1.131000041961669922e+00
inf
inf
2.832500040531158447e-01
inf
inf
inf
2.347500026226043701e-01
2.447499930858612061e-01
inf
2.399999946355819702e-01
2.374999970197677612e-01
inf
inf
inf
inf
inf
inf
7.997499704360961914e-01
7.894999980926513672e-01
7.802500128746032715e-01
7.732499837875366211e-01
7.852500081062316895e-01
8.034999966621398926e-01
7.979999780654907227e-01
7.897499799728393555e-01
7.799999713897705078e-01
7.727500200271606445e-01
inf
inf
5.002499818801879883e-01
inf
inf
inf
inf
inf
inf
inf
inf
4.850000143051147461e-01
inf
inf
inf
6.909999847412109375e-01
6.832500100135803223e-01
inf
inf
6.729999780654907227e-01
inf
6.722499728202819824e-01
6.765000224113464355e-01
inf
inf
inf
inf
inf
inf
inf
inf
inf
inf
inf
3.865000009536743164e-01
inf
inf
inf
inf
inf
inf
inf
inf
inf
inf
4.625000059604644775e-01
4.555000066757202148e-01
4.422500133514404297e-01
inf
4.275000095367431641e-01
4.115000069141387939e-01
inf
inf
3.914999961853027344e-01
3.869999945163726807e-01
inf
3.792499899864196777e-01
3.759999871253967285e-01
3.670000135898590088e-01
3.607499897480010986e-01
3.592500090599060059e-01
3.447499871253967285e-01
inf
3.445000052452087402e-01
3.440000116825103760e-01
3.379999995231628418e-01
3.332499861717224121e-01
3.227500021457672119e-01
3.227500021457672119e-01
3.192499876022338867e-01
3.192499876022338867e-01
3.172500133514404297e-01
3.162499964237213135e-01
3.134999871253967285e-01
3.095000088214874268e-01
3.067499995231628418e-01
3.067499995231628418e-01
3.009999990463256836e-01
3.014999926090240479e-01
3.009999990463256836e-01
2.944999933242797852e-01
2.877500057220458984e-01
inf
2.949999868869781494e-01
2.877500057220458984e-01
2.912499904632568359e-01
2.779999971389770508e-01
