inf
4.357749938964843750e+00
4.274250030517578125e+00
1.541000008583068848e+00
1.445500016212463379e+00
1.324499964714050293e+00
1.329499959945678711e+00
1.331750035285949707e+00
1.335999965667724609e+00
1.338500022888183594e+00
1.388749957084655762e+00
1.352249979972839355e+00
inf
inf
2.535000145435333252e-01
2.460000067949295044e-01
inf
1.949999928474426270e-01
inf
1.800000071525573730e-01
1.745000034570693970e-01
1.727499961853027344e-01
1.714999973773956299e-01
1.702499985694885254e-01
1.667499989271163940e-01
1.609999984502792358e-01
1.580000072717666626e-01
1.574999988079071045e-01
1.572500020265579224e-01
1.567499935626983643e-01
1.557500064373016357e-01
1.557500064373016357e-01
1.557500064373016357e-01
1.557500064373016357e-01
1.567499935626983643e-01
inf
inf
inf
1.500000059604644775e-01
1.437499970197677612e-01
1.400000005960464478e-01
inf
1.385000050067901611e-01
1.385000050067901611e-01
inf
inf
inf
inf
inf
inf
inf
9.007499814033508301e-01
8.905000090599060059e-01
8.840000033378601074e-01
8.669999837875366211e-01
8.607500195503234863e-01
8.527500033378601074e-01
8.475000262260437012e-01
8.417500257492065430e-01
8.302500247955322266e-01
8.252500295639038086e-01
8.199999928474426270e-01
8.159999847412109375e-01
8.054999709129333496e-01
8.029999732971191406e-01
7.987499833106994629e-01
7.950000166893005371e-01
7.912499904632568359e-01
8.082500100135803223e-01
8.277500271797180176e-01
8.234999775886535645e-01
8.207499980926513672e-01
8.140000104904174805e-01
8.119999766349792480e-01
8.084999918937683105e-01
8.067499995231628418e-01
8.019999861717224121e-01
8.002499938011169434e-01
8.002499938011169434e-01
7.987499833106994629e-01
7.954999804496765137e-01
5.862500071525573730e-01
5.730000138282775879e-01
5.797500014305114746e-01
5.782499909400939941e-01
5.805000066757202148e-01
5.809999704360961914e-01
5.797500014305114746e-01
5.807499885559082031e-01
5.910000205039978027e-01
5.910000205039978027e-01
5.962499976158142090e-01
5.952500104904174805e-01
inf
inf
inf
inf
inf
inf
inf
inf
inf
inf
inf
inf
inf
inf
inf
inf
inf
inf
inf
inf
inf
inf
inf
7.032499909400939941e-01
inf
9.580000042915344238e-01
9.657499790191650391e-01
