4.524999856948852539e-01
4.510000050067901611e-01
4.670000076293945312e-01
4.715000092983245850e-01
4.754999876022338867e-01
4.869999885559082031e-01
4.952499866485595703e-01
5.030000209808349609e-01
5.137500166893005371e-01
5.282499790191650391e-01
5.429999828338623047e-01
5.597500205039978027e-01
inf
1.842000007629394531e+00
1.742249965667724609e+00
1.654999971389770508e+00
1.588000059127807617e+00
1.592749953269958496e+00
1.600499987602233887e+00
1.607750058174133301e+00
1.602499961853027344e+00
inf
1.643000006675720215e+00
1.653499960899353027e+00
1.664749979972839355e+00
1.685250043869018555e+00
1.702000021934509277e+00
1.714750051498413086e+00
1.730999946594238281e+00
1.737249970436096191e+00
1.770750045776367188e+00
1.786999940872192383e+00
1.726750016212463379e+00
1.694249987602233887e+00
1.625000000000000000e+00
1.592749953269958496e+00
1.563249945640563965e+00
1.530249953269958496e+00
1.473000049591064453e+00
1.446249961853027344e+00
1.422250032424926758e+00
1.378749966621398926e+00
1.355499982833862305e+00
1.338999986648559570e+00
1.317999958992004395e+00
1.280249953269958496e+00
1.261999964714050293e+00
1.248250007629394531e+00
1.231750011444091797e+00
1.202999949455261230e+00
1.192499995231628418e+00
1.175999999046325684e+00
1.161499977111816406e+00
1.138749957084655762e+00
1.127249956130981445e+00
1.115249991416931152e+00
1.103000044822692871e+00
1.084499955177307129e+00
1.075999975204467773e+00
1.066249966621398926e+00
1.049749970436096191e+00
1.042250037193298340e+00
1.034999966621398926e+00
1.024749994277954102e+00
1.036249995231628418e+00
1.053249955177307129e+00
1.046499967575073242e+00
1.041499972343444824e+00
1.035500049591064453e+00
1.021999955177307129e+00
1.016499996185302734e+00
inf
7.994999885559082031e-01
inf
inf
inf
inf
7.617499828338623047e-01
7.617499828338623047e-01
7.542499899864196777e-01
7.505000233650207520e-01
7.427499890327453613e-01
7.425000071525573730e-01
7.377499938011169434e-01
7.372499704360961914e-01
7.354999780654907227e-01
7.337499856948852539e-01
7.342500090599060059e-01
7.322499752044677734e-01
7.319999933242797852e-01
7.337499856948852539e-01
7.335000038146972656e-01
7.332500219345092773e-01
7.342500090599060059e-01
7.372499704360961914e-01
7.377499938011169434e-01
7.419999837875366211e-01
7.467499971389770508e-01
7.507500052452087402e-01
7.540000081062316895e-01
7.615000009536743164e-01
7.639999985694885254e-01
inf
9.627500176429748535e-01
9.722499847412109375e-01
9.735000133514404297e-01
9.762499928474426270e-01
9.815000295639038086e-01
9.844999909400939941e-01
9.922500252723693848e-01
9.994999766349792480e-01
1.003999948501586914e+00
1.010249972343444824e+00
1.016000032424926758e+00
1.026000022888183594e+00
1.033750057220458984e+00
1.038499951362609863e+00
1.048750042915344238e+00
inf
7.415000200271606445e-01
