inf
4.357749938964843750e+00
4.356999874114990234e+00
1.503999948501586914e+00
1.407500028610229492e+00
1.331249952316284180e+00
1.326249957084655762e+00
1.334249973297119141e+00
1.338500022888183594e+00
1.343250036239624023e+00
1.348749995231628418e+00
1.343000054359436035e+00
1.360249996185302734e+00
1.375499963760375977e+00
1.389250040054321289e+00
1.395750045776367188e+00
1.405500054359436035e+00
1.411999940872192383e+00
1.431750059127807617e+00
1.439499974250793457e+00
1.451500058174133301e+00
1.463500022888183594e+00
1.490000009536743164e+00
1.503499984741210938e+00
1.499750018119812012e+00
1.461500048637390137e+00
1.388749957084655762e+00
6.690000295639038086e-01
inf
1.317999958992004395e+00
6.262500286102294922e-01
inf
6.322500109672546387e-01
inf
1.167500019073486328e+00
1.146250009536743164e+00
1.096750020980834961e+00
1.093250036239624023e+00
inf
inf
2.504999935626983643e-01
2.527500092983245850e-01
2.489999979734420776e-01
2.374999970197677612e-01
2.389999926090240479e-01
2.377499938011169434e-01
2.382500022649765015e-01
inf
inf
inf
inf
inf
inf
inf
2.077499926090240479e-01
2.060000002384185791e-01
8.522499799728393555e-01
8.475000262260437012e-01
8.417500257492065430e-01
8.270000219345092773e-01
inf
inf
inf
inf
8.032500147819519043e-01
7.990000247955322266e-01
7.947499752044677734e-01
7.894999980926513672e-01
8.077499866485595703e-01
8.277500271797180176e-01
8.237500190734863281e-01
8.174999952316284180e-01
8.144999742507934570e-01
8.127499818801879883e-01
8.084999918937683105e-01
8.084999918937683105e-01
8.034999966621398926e-01
8.019999861717224121e-01
7.992500066757202148e-01
7.962499856948852539e-01
7.940000295639038086e-01
5.862500071525573730e-01
5.737500190734863281e-01
5.805000066757202148e-01
5.799999833106994629e-01
5.792499780654907227e-01
5.820000171661376953e-01
5.827500224113464355e-01
5.835000276565551758e-01
5.879999995231628418e-01
5.910000205039978027e-01
5.920000076293945312e-01
5.939999818801879883e-01
5.962499976158142090e-01
inf
inf
inf
inf
inf
inf
inf
inf
inf
inf
inf
inf
inf
inf
inf
inf
inf
inf
inf
inf
inf
inf
inf
inf
9.517499804496765137e-01
9.620000123977661133e-01
