5.217499732971191406e-01
5.325000286102294922e-01
inf
1.641999959945678711e+00
1.593250036239624023e+00
1.600749969482421875e+00
1.608000040054321289e+00
1.616250038146972656e+00
1.619500041007995605e+00
1.628499984741210938e+00
1.651749968528747559e+00
1.666000008583068848e+00
1.674999952316284180e+00
1.684749960899353027e+00
1.701500058174133301e+00
1.724499940872192383e+00
1.737499952316284180e+00
1.753499984741210938e+00
1.769749999046325684e+00
1.797999978065490723e+00
1.777999997138977051e+00
1.744500041007995605e+00
1.705500006675720215e+00
1.630249977111816406e+00
1.603749990463256836e+00
1.580000042915344238e+00
1.554499983787536621e+00
1.496250033378601074e+00
1.470250010490417480e+00
1.445250034332275391e+00
1.425250053405761719e+00
1.384500026702880859e+00
1.366250038146972656e+00
1.346750020980834961e+00
1.323750019073486328e+00
1.308750033378601074e+00
1.276999950408935547e+00
1.263499975204467773e+00
1.244500041007995605e+00
1.227749943733215332e+00
1.205250024795532227e+00
1.197250008583068848e+00
1.184000015258789062e+00
1.174749970436096191e+00
1.149000048637390137e+00
1.139000058174133301e+00
1.127750039100646973e+00
1.116250038146972656e+00
1.100749969482421875e+00
1.092749953269958496e+00
1.083250045776367188e+00
1.076750040054321289e+00
1.061499953269958496e+00
1.054000020027160645e+00
1.085749983787536621e+00
1.091249942779541016e+00
1.081249952316284180e+00
1.069499969482421875e+00
1.063249945640563965e+00
1.057500004768371582e+00
1.053249955177307129e+00
inf
inf
inf
inf
inf
inf
inf
inf
7.894999980926513672e-01
7.875000238418579102e-01
7.875000238418579102e-01
7.814999818801879883e-01
7.814999818801879883e-01
7.812500000000000000e-01
7.762500047683715820e-01
7.739999890327453613e-01
7.777500152587890625e-01
7.739999890327453613e-01
7.722499966621398926e-01
7.757499814033508301e-01
7.757499814033508301e-01
7.812500000000000000e-01
7.814999818801879883e-01
7.832499742507934570e-01
7.835000157356262207e-01
7.854999899864196777e-01
7.914999723434448242e-01
inf
inf
7.875000238418579102e-01
inf
1.003000020980834961e+00
1.005499958992004395e+00
1.013000011444091797e+00
1.017249941825866699e+00
1.022250056266784668e+00
1.024250030517578125e+00
1.029500007629394531e+00
1.039999961853027344e+00
1.045250058174133301e+00
1.048499941825866699e+00
1.053500056266784668e+00
1.066750049591064453e+00
1.071750044822692871e+00
1.077250003814697266e+00
1.085749983787536621e+00
1.092499971389770508e+00
1.104750037193298340e+00
1.114750027656555176e+00
1.120000004768371582e+00
1.131000041961669922e+00
1.139999985694885254e+00
inf
1.498999953269958496e+00
1.445000052452087402e+00
1.430500030517578125e+00
1.418750047683715820e+00
1.382750034332275391e+00
1.332249999046325684e+00
