inf
inf
7.060750007629394531e+00
6.910999774932861328e+00
inf
inf
inf
inf
inf
7.756000041961669922e+00
6.775750160217285156e+00
6.918000221252441406e+00
6.910999774932861328e+00
6.910999774932861328e+00
inf
inf
inf
inf
4.309750080108642578e+00
1.497249960899353027e+00
1.331750035285949707e+00
1.337749958038330078e+00
1.337499976158142090e+00
1.342249989509582520e+00
inf
1.376749992370605469e+00
1.360999941825866699e+00
inf
1.379500031471252441e+00
1.395249962806701660e+00
1.401250004768371582e+00
1.411000013351440430e+00
1.419250011444091797e+00
1.428750038146972656e+00
1.449000000953674316e+00
1.458250045776367188e+00
1.462000012397766113e+00
1.474249958992004395e+00
1.490249991416931152e+00
1.463250041007995605e+00
6.744999885559082031e-01
inf
1.363250017166137695e+00
6.449999809265136719e-01
6.365000009536743164e-01
inf
inf
1.180250048637390137e+00
1.151250004768371582e+00
1.142249941825866699e+00
1.093500018119812012e+00
1.082999944686889648e+00
1.071499943733215332e+00
1.061499953269958496e+00
1.023000001907348633e+00
1.010499954223632812e+00
1.004250049591064453e+00
9.884999990463256836e-01
9.639999866485595703e-01
inf
9.415000081062316895e-01
9.177500009536743164e-01
9.037500023841857910e-01
8.962500095367431641e-01
8.847500085830688477e-01
8.659999966621398926e-01
8.565000295639038086e-01
8.472499847412109375e-01
8.312500119209289551e-01
8.264999985694885254e-01
8.180000185966491699e-01
8.107500076293945312e-01
7.977499961853027344e-01
7.900000214576721191e-01
7.867500185966491699e-01
7.799999713897705078e-01
7.757499814033508301e-01
7.647500038146972656e-01
7.607499957084655762e-01
7.557500004768371582e-01
7.492499947547912598e-01
7.440000176429748535e-01
7.649999856948852539e-01
7.827500104904174805e-01
7.807499766349792480e-01
7.710000276565551758e-01
7.687500119209289551e-01
7.639999985694885254e-01
7.624999880790710449e-01
7.599999904632568359e-01
7.517499923706054688e-01
7.517499923706054688e-01
7.494999766349792480e-01
7.480000257492065430e-01
7.459999918937683105e-01
5.310000181198120117e-01
5.254999995231628418e-01
5.297499895095825195e-01
5.295000076293945312e-01
5.279999971389770508e-01
5.279999971389770508e-01
5.287500023841857910e-01
5.299999713897705078e-01
5.297499895095825195e-01
5.320000052452087402e-01
5.329999923706054688e-01
5.350000262260437012e-01
5.397499799728393555e-01
5.407500267028808594e-01
5.425000190734863281e-01
5.425000190734863281e-01
inf
inf
inf
inf
inf
inf
inf
inf
inf
