1.276250004768371582e+00
1.245749950408935547e+00
1.219499945640563965e+00
1.167999982833862305e+00
1.144000053405761719e+00
1.120000004768371582e+00
1.098000049591064453e+00
1.077999949455261230e+00
1.055999994277954102e+00
1.019999980926513672e+00
1.002500057220458984e+00
9.850000143051147461e-01
9.674999713897705078e-01
9.522500038146972656e-01
9.227499961853027344e-01
9.064999818801879883e-01
8.917499780654907227e-01
8.792499899864196777e-01
8.659999966621398926e-01
8.432499766349792480e-01
8.317499756813049316e-01
8.227499723434448242e-01
8.137500286102294922e-01
8.025000095367431641e-01
7.847499847412109375e-01
7.767500281333923340e-01
7.697499990463256836e-01
7.797499895095825195e-01
8.000000119209289551e-01
8.012499809265136719e-01
inf
7.854999899864196777e-01
7.692499756813049316e-01
7.652500271797180176e-01
inf
5.267500281333923340e-01
inf
inf
inf
inf
inf
inf
inf
inf
4.850000143051147461e-01
inf
inf
inf
inf
6.844999790191650391e-01
6.797500252723693848e-01
inf
6.747499704360961914e-01
inf
6.719999909400939941e-01
6.700000166893005371e-01
inf
inf
inf
inf
4.605000019073486328e-01
inf
inf
inf
inf
inf
inf
inf
inf
inf
inf
inf
inf
inf
inf
inf
inf
inf
4.555000066757202148e-01
inf
4.440000057220458984e-01
4.334999918937683105e-01
4.144999980926513672e-01
4.162499904632568359e-01
inf
inf
inf
inf
inf
3.792499899864196777e-01
3.697499930858612061e-01
inf
3.607499897480010986e-01
3.607499897480010986e-01
3.447499871253967285e-01
3.454999923706054688e-01
3.384999930858612061e-01
3.382500112056732178e-01
3.347499966621398926e-01
3.332499861717224121e-01
3.215000033378601074e-01
inf
3.192499876022338867e-01
3.197500109672546387e-01
3.167499899864196777e-01
3.162499964237213135e-01
3.134999871253967285e-01
3.092499971389770508e-01
3.064999878406524658e-01
3.062500059604644775e-01
3.009999990463256836e-01
2.949999868869781494e-01
inf
2.994999885559082031e-01
inf
inf
inf
2.837499976158142090e-01
2.872500121593475342e-01
2.882499992847442627e-01
