4.582499861717224121e-01
4.572499990463256836e-01
4.572499990463256836e-01
4.587500095367431641e-01
4.602499902248382568e-01
4.605000019073486328e-01
4.625000059604644775e-01
4.647499918937683105e-01
4.670000076293945312e-01
4.682500064373016357e-01
4.675000011920928955e-01
4.695000052452087402e-01
4.712499976158142090e-01
4.720000028610229492e-01
4.934999942779541016e-01
4.954999983310699463e-01
4.990000128746032715e-01
5.047500133514404297e-01
5.090000033378601074e-01
5.142499804496765137e-01
5.205000042915344238e-01
5.429999828338623047e-01
5.637500286102294922e-01
inf
inf
1.635249972343444824e+00
1.546000003814697266e+00
1.549499988555908203e+00
1.666249990463256836e+00
1.675999999046325684e+00
1.687250018119812012e+00
1.712249994277954102e+00
1.728999972343444824e+00
1.736500024795532227e+00
1.752750039100646973e+00
1.784250020980834961e+00
1.792000055313110352e+00
1.779000043869018555e+00
1.745499968528747559e+00
1.669250011444091797e+00
1.636000037193298340e+00
1.608000040054321289e+00
1.578500032424926758e+00
1.521000027656555176e+00
1.495749950408935547e+00
1.469249963760375977e+00
1.444499969482421875e+00
1.401749968528747559e+00
1.379500031471252441e+00
1.359500050544738770e+00
1.325999975204467773e+00
1.301249980926513672e+00
1.288249969482421875e+00
1.274749994277954102e+00
1.238749980926513672e+00
1.224249958992004395e+00
1.213250041007995605e+00
1.199000000953674316e+00
1.188249945640563965e+00
1.161249995231628418e+00
1.156250000000000000e+00
1.138249993324279785e+00
1.119500041007995605e+00
1.110249996185302734e+00
1.100999951362609863e+00
1.092749953269958496e+00
1.076750040054321289e+00
1.070250034332275391e+00
1.060500025749206543e+00
1.052000045776367188e+00
1.085250020027160645e+00
1.079499959945678711e+00
1.071249961853027344e+00
1.066750049591064453e+00
1.052500009536743164e+00
1.048499941825866699e+00
inf
8.084999918937683105e-01
inf
inf
inf
inf
7.894999980926513672e-01
7.837499976158142090e-01
7.854999899864196777e-01
7.817500233650207520e-01
7.705000042915344238e-01
7.724999785423278809e-01
7.730000019073486328e-01
7.687500119209289551e-01
7.677500247955322266e-01
7.659999728202819824e-01
7.642499804496765137e-01
7.647500038146972656e-01
7.632499933242797852e-01
7.639999985694885254e-01
7.667499780654907227e-01
7.657499909400939941e-01
7.647500038146972656e-01
7.684999704360961914e-01
7.705000042915344238e-01
7.697499990463256836e-01
7.795000076293945312e-01
7.817500233650207520e-01
7.837499976158142090e-01
7.854999899864196777e-01
inf
1.003499984741210938e+00
1.004999995231628418e+00
9.997500181198120117e-01
9.942499995231628418e-01
1.005499958992004395e+00
1.016250014305114746e+00
1.019999980926513672e+00
1.023000001907348633e+00
1.028249979019165039e+00
1.040249943733215332e+00
1.044250011444091797e+00
1.049499988555908203e+00
1.056499958038330078e+00
