1.686249971389770508e+00
1.702250003814697266e+00
1.712249994277954102e+00
1.735999941825866699e+00
1.752500057220458984e+00
1.762500047683715820e+00
1.773499965667724609e+00
inf
1.672250032424926758e+00
1.590000033378601074e+00
1.555500030517578125e+00
1.519250035285949707e+00
1.478749990463256836e+00
1.413499951362609863e+00
1.384750008583068848e+00
1.355000019073486328e+00
1.330999970436096191e+00
1.277750015258789062e+00
1.254250049591064453e+00
1.232750058174133301e+00
1.194000005722045898e+00
1.172250032424926758e+00
1.154999971389770508e+00
1.135249972343444824e+00
1.117249965667724609e+00
1.090000033378601074e+00
1.072000026702880859e+00
1.062749981880187988e+00
1.033499956130981445e+00
1.021000027656555176e+00
1.008249998092651367e+00
9.987499713897705078e-01
9.769999980926513672e-01
9.654999971389770508e-01
9.562500119209289551e-01
9.477499723434448242e-01
9.782500267028808594e-01
9.710000157356262207e-01
9.595000147819519043e-01
9.499999880790710449e-01
inf
6.762499809265136719e-01
inf
inf
inf
inf
inf
inf
inf
inf
inf
inf
inf
6.422500014305114746e-01
6.382499933242797852e-01
6.317499876022338867e-01
6.317499876022338867e-01
6.280000209808349609e-01
6.197500228881835938e-01
6.179999709129333496e-01
6.182500123977661133e-01
6.162499785423278809e-01
6.150000095367431641e-01
6.190000176429748535e-01
6.122499704360961914e-01
6.132500171661376953e-01
6.144999861717224121e-01
6.154999732971191406e-01
6.142500042915344238e-01
6.157500147819519043e-01
6.182500123977661133e-01
6.274999976158142090e-01
6.327499747276306152e-01
6.327499747276306152e-01
6.262500286102294922e-01
inf
8.302500247955322266e-01
8.335000276565551758e-01
8.410000205039978027e-01
8.422499895095825195e-01
8.445000052452087402e-01
8.502500057220458984e-01
8.550000190734863281e-01
8.607500195503234863e-01
8.650000095367431641e-01
8.737499713897705078e-01
inf
8.859999775886535645e-01
8.939999938011169434e-01
8.995000123977661133e-01
9.057499766349792480e-01
inf
inf
6.342499852180480957e-01
6.115000247955322266e-01
6.127499938011169434e-01
inf
inf
inf
inf
inf
inf
inf
inf
inf
inf
inf
inf
inf
inf
inf
inf
inf
inf
inf
inf
inf
inf
inf
inf
