1.108999967575073242e+00
1.088999986648559570e+00
1.052999973297119141e+00
1.036249995231628418e+00
1.018499970436096191e+00
1.002500057220458984e+00
9.897500276565551758e-01
9.717500209808349609e-01
9.445000290870666504e-01
9.319999814033508301e-01
9.192500114440917969e-01
9.072499871253967285e-01
8.924999833106994629e-01
8.707500100135803223e-01
8.610000014305114746e-01
8.514999747276306152e-01
8.435000181198120117e-01
8.335000276565551758e-01
8.159999847412109375e-01
8.092499971389770508e-01
8.032500147819519043e-01
7.969999909400939941e-01
7.870000004768371582e-01
7.770000100135803223e-01
7.985000014305114746e-01
8.137500286102294922e-01
8.069999814033508301e-01
8.015000224113464355e-01
7.867500185966491699e-01
7.835000157356262207e-01
7.777500152587890625e-01
7.714999914169311523e-01
7.672500014305114746e-01
7.572500109672546387e-01
7.534999847412109375e-01
inf
7.462499737739562988e-01
7.447500228881835938e-01
inf
inf
inf
inf
inf
inf
inf
inf
inf
inf
inf
inf
inf
3.869999945163726807e-01
inf
inf
inf
inf
4.609999954700469971e-01
4.657500088214874268e-01
inf
3.937500119209289551e-01
3.917500078678131104e-01
3.917500078678131104e-01
inf
3.889999985694885254e-01
3.847500085830688477e-01
3.797500133514404297e-01
inf
3.750000000000000000e-01
3.675000071525573730e-01
3.639999926090240479e-01
3.605000078678131104e-01
3.537499904632568359e-01
3.510000109672546387e-01
3.465000092983245850e-01
3.432500064373016357e-01
3.364999890327453613e-01
inf
3.312500119209289551e-01
3.260000050067901611e-01
3.224999904632568359e-01
inf
3.210000097751617432e-01
3.177500069141387939e-01
3.122499883174896240e-01
3.082500100135803223e-01
3.055000007152557373e-01
3.032500147819519043e-01
3.019999861717224121e-01
3.007499873638153076e-01
3.000000119209289551e-01
2.972500026226043701e-01
2.927500009536743164e-01
inf
inf
inf
inf
inf
inf
inf
inf
inf
inf
inf
inf
inf
inf
inf
inf
inf
inf
inf
inf
inf
inf
2.907499969005584717e-01
2.784999907016754150e-01
inf
inf
inf
inf
