1.116500020027160645e+00
1.080749988555908203e+00
1.060750007629394531e+00
1.044000029563903809e+00
1.012750029563903809e+00
9.959999918937683105e-01
9.835000038146972656e-01
9.639999866485595703e-01
9.522500038146972656e-01
9.392499923706054688e-01
9.144999980926513672e-01
9.032499790191650391e-01
8.905000090599060059e-01
8.794999718666076660e-01
8.687499761581420898e-01
8.482499718666076660e-01
8.402500152587890625e-01
8.314999938011169434e-01
8.237500190734863281e-01
8.087499737739562988e-01
8.022500276565551758e-01
7.935000061988830566e-01
7.807499766349792480e-01
7.760000228881835938e-01
7.990000247955322266e-01
8.127499818801879883e-01
8.065000176429748535e-01
7.997499704360961914e-01
7.882500290870666504e-01
7.835000157356262207e-01
7.762500047683715820e-01
7.724999785423278809e-01
7.667499780654907227e-01
7.580000162124633789e-01
7.537500262260437012e-01
7.494999766349792480e-01
7.375000119209289551e-01
inf
inf
inf
inf
inf
inf
inf
inf
inf
inf
inf
inf
inf
inf
inf
inf
inf
inf
inf
inf
4.557499885559082031e-01
4.657500088214874268e-01
3.922500014305114746e-01
3.914999961853027344e-01
3.907499909400939941e-01
3.899999856948852539e-01
3.885000050067901611e-01
3.857499957084655762e-01
3.782500028610229492e-01
3.765000104904174805e-01
3.742499947547912598e-01
3.709999918937683105e-01
3.634999990463256836e-01
3.602499961853027344e-01
inf
3.535000085830688477e-01
3.459999859333038330e-01
3.397499918937683105e-01
3.362500071525573730e-01
3.327499926090240479e-01
3.310000002384185791e-01
3.260000050067901611e-01
3.244999945163726807e-01
3.237499892711639404e-01
3.202500045299530029e-01
3.125000000000000000e-01
3.174999952316284180e-01
3.097499907016754150e-01
3.077499866485595703e-01
3.032500147819519043e-01
3.019999861717224121e-01
3.012500107288360596e-01
inf
2.972500026226043701e-01
2.960000038146972656e-01
inf
inf
inf
inf
inf
inf
inf
inf
inf
inf
inf
inf
inf
inf
inf
inf
inf
inf
inf
inf
inf
inf
inf
inf
inf
inf
inf
inf
