1.255249977111816406e+00
1.225000023841857910e+00
1.202749967575073242e+00
1.179999947547912598e+00
1.155500054359436035e+00
1.107750058174133301e+00
1.087499976158142090e+00
1.067749977111816406e+00
1.047250032424926758e+00
1.028749942779541016e+00
1.010750055313110352e+00
9.940000176429748535e-01
9.592499732971191406e-01
9.434999823570251465e-01
9.284999966621398926e-01
9.144999980926513672e-01
8.987500071525573730e-01
8.722500205039978027e-01
8.585000038146972656e-01
8.485000133514404297e-01
8.399999737739562988e-01
8.187500238418579102e-01
8.102499842643737793e-01
8.000000119209289551e-01
7.904999852180480957e-01
7.825000286102294922e-01
7.745000123977661133e-01
7.854999899864196777e-01
8.025000095367431641e-01
7.957500219345092773e-01
7.879999876022338867e-01
7.802500128746032715e-01
7.667499780654907227e-01
inf
inf
5.009999871253967285e-01
inf
inf
inf
inf
inf
inf
inf
4.857499897480010986e-01
inf
inf
inf
inf
6.912500262260437012e-01
6.819999814033508301e-01
inf
inf
6.747499704360961914e-01
inf
6.719999909400939941e-01
6.717500090599060059e-01
inf
inf
inf
inf
inf
inf
inf
inf
inf
inf
inf
inf
inf
inf
inf
inf
inf
inf
inf
inf
inf
inf
4.632500112056732178e-01
4.457499980926513672e-01
4.435000121593475342e-01
4.334999918937683105e-01
4.142499864101409912e-01
4.157499969005584717e-01
inf
inf
inf
inf
3.835000097751617432e-01
3.792499899864196777e-01
3.704999983310699463e-01
inf
3.607499897480010986e-01
3.600000143051147461e-01
3.592500090599060059e-01
3.449999988079071045e-01
inf
3.382500112056732178e-01
3.332499861717224121e-01
3.332499861717224121e-01
inf
3.165000081062316895e-01
3.215000033378601074e-01
3.215000033378601074e-01
3.192499876022338867e-01
3.162499964237213135e-01
3.134999871253967285e-01
3.012500107288360596e-01
3.092499971389770508e-01
3.057500123977661133e-01
3.062500059604644775e-01
3.017500042915344238e-01
3.014999926090240479e-01
2.912499904632568359e-01
inf
inf
inf
2.947500050067901611e-01
2.877500057220458984e-01
2.837499976158142090e-01
