6.777499914169311523e-01
6.807500123977661133e-01
6.819999814033508301e-01
6.844999790191650391e-01
6.850000023841857910e-01
6.872500181198120117e-01
4.142499864101409912e-01
3.995000123977661133e-01
3.964999914169311523e-01
3.572500050067901611e-01
3.639999926090240479e-01
3.687500059604644775e-01
3.709999918937683105e-01
3.625000119209289551e-01
3.770000040531158447e-01
inf
5.657500028610229492e-01
5.450000166893005371e-01
5.419999957084655762e-01
5.372499823570251465e-01
5.180000066757202148e-01
5.207499861717224121e-01
5.207499861717224121e-01
5.222499966621398926e-01
5.217499732971191406e-01
5.147500038146972656e-01
5.092499852180480957e-01
5.037500262260437012e-01
5.015000104904174805e-01
4.947499930858612061e-01
4.887500107288360596e-01
4.875000119209289551e-01
4.850000143051147461e-01
4.740000069141387939e-01
4.692499935626983643e-01
4.717499911785125732e-01
4.735000133514404297e-01
4.774999916553497314e-01
5.339999794960021973e-01
5.404999852180480957e-01
5.490000247955322266e-01
5.504999756813049316e-01
5.580000281333923340e-01
5.640000104904174805e-01
inf
inf
inf
inf
inf
inf
inf
3.134999871253967285e-01
3.095000088214874268e-01
2.894999980926513672e-01
2.874999940395355225e-01
2.779999971389770508e-01
2.762500047683715820e-01
inf
2.652499973773956299e-01
inf
inf
2.597500085830688477e-01
2.545000016689300537e-01
2.532500028610229492e-01
inf
2.502500116825103760e-01
2.500000000000000000e-01
inf
2.487500011920928955e-01
2.475000023841857910e-01
2.477499991655349731e-01
inf
2.469999939203262329e-01
2.472500056028366089e-01
2.487500011920928955e-01
2.497500032186508179e-01
2.565000057220458984e-01
inf
inf
inf
4.444999992847442627e-01
4.292500019073486328e-01
4.262500107288360596e-01
4.237500131130218506e-01
4.210000038146972656e-01
4.207499921321868896e-01
4.192500114440917969e-01
4.174999892711639404e-01
4.167500138282775879e-01
4.172500073909759521e-01
4.167500138282775879e-01
4.187499880790710449e-01
4.197500050067901611e-01
4.210000038146972656e-01
4.247500002384185791e-01
4.262500107288360596e-01
4.295000135898590088e-01
4.305000007152557373e-01
4.339999854564666748e-01
4.354999959468841553e-01
4.387499988079071045e-01
4.442499876022338867e-01
inf
4.625000059604644775e-01
inf
inf
9.662500023841857910e-01
9.789999723434448242e-01
9.832500219345092773e-01
9.902499914169311523e-01
9.980000257492065430e-01
1.003000020980834961e+00
1.012249946594238281e+00
1.024250030517578125e+00
1.034250020980834961e+00
1.042250037193298340e+00
1.052999973297119141e+00
1.064499974250793457e+00
1.082249999046325684e+00
1.091500043869018555e+00
