inf
1.020750045776367188e+00
9.947500228881835938e-01
inf
8.097500205039978027e-01
9.459999799728393555e-01
9.212499856948852539e-01
9.097499847412109375e-01
9.004999995231628418e-01
8.905000090599060059e-01
8.712499737739562988e-01
8.650000095367431641e-01
8.477500081062316895e-01
8.397499918937683105e-01
8.252500295639038086e-01
8.197500109672546387e-01
8.029999732971191406e-01
7.997499704360961914e-01
7.912499904632568359e-01
7.810000181198120117e-01
7.767500281333923340e-01
7.944999933242797852e-01
inf
8.054999709129333496e-01
7.950000166893005371e-01
7.885000109672546387e-01
7.839999794960021973e-01
7.735000252723693848e-01
7.695000171661376953e-01
7.615000009536743164e-01
7.595000267028808594e-01
7.544999718666076660e-01
inf
inf
inf
inf
inf
inf
inf
inf
inf
inf
inf
inf
inf
inf
inf
inf
inf
inf
inf
3.852500021457672119e-01
inf
inf
inf
4.589999914169311523e-01
4.584999978542327881e-01
4.722500145435333252e-01
inf
4.032500088214874268e-01
4.014999866485595703e-01
3.997499942779541016e-01
3.932499885559082031e-01
3.894999921321868896e-01
3.849999904632568359e-01
4.157499969005584717e-01
4.037500023841857910e-01
4.037500023841857910e-01
inf
inf
inf
3.792499899864196777e-01
inf
inf
3.697499930858612061e-01
3.692499995231628418e-01
3.627499938011169434e-01
3.600000143051147461e-01
3.577499985694885254e-01
3.497500121593475342e-01
3.497500121593475342e-01
3.497500121593475342e-01
3.447499871253967285e-01
3.422499895095825195e-01
3.332499861717224121e-01
3.382500112056732178e-01
inf
3.332499861717224121e-01
3.332499861717224121e-01
3.302499949932098389e-01
3.227500021457672119e-01
3.165000081062316895e-01
3.227500021457672119e-01
3.227500021457672119e-01
3.215000033378601074e-01
3.165000081062316895e-01
3.192499876022338867e-01
3.165000081062316895e-01
3.165000081062316895e-01
3.162499964237213135e-01
3.134999871253967285e-01
inf
inf
inf
inf
inf
inf
inf
inf
inf
inf
inf
3.134999871253967285e-01
3.157500028610229492e-01
3.134999871253967285e-01
3.134999871253967285e-01
3.160000145435333252e-01
3.165000081062316895e-01
3.167499899864196777e-01
3.162499964237213135e-01
