1.108749985694885254e+00
1.090250015258789062e+00
1.054499983787536621e+00
1.034000039100646973e+00
1.018000006675720215e+00
1.003000020980834961e+00
9.900000095367431641e-01
9.717500209808349609e-01
9.462500214576721191e-01
9.334999918937683105e-01
9.197499752044677734e-01
9.077500104904174805e-01
8.834999799728393555e-01
8.709999918937683105e-01
8.617500066757202148e-01
8.507500290870666504e-01
8.427500128746032715e-01
8.255000114440917969e-01
8.195000290870666504e-01
8.105000257492065430e-01
8.022500276565551758e-01
7.972499728202819824e-01
7.827500104904174805e-01
7.770000100135803223e-01
7.937499880790710449e-01
8.142499923706054688e-01
8.087499737739562988e-01
7.965000271797180176e-01
7.879999876022338867e-01
7.835000157356262207e-01
7.777500152587890625e-01
7.732499837875366211e-01
7.642499804496765137e-01
7.599999904632568359e-01
7.534999847412109375e-01
inf
7.482500076293945312e-01
inf
inf
inf
inf
inf
inf
inf
inf
inf
inf
inf
inf
inf
inf
3.914999961853027344e-01
inf
inf
inf
inf
inf
4.547500014305114746e-01
inf
4.112499952316284180e-01
3.932499885559082031e-01
3.927499949932098389e-01
3.899999856948852539e-01
3.882499933242797852e-01
3.862499892711639404e-01
3.782500028610229492e-01
3.762499988079071045e-01
3.740000128746032715e-01
3.707500100135803223e-01
3.675000071525573730e-01
3.600000143051147461e-01
3.567500114440917969e-01
3.529999852180480957e-01
3.462499976158142090e-01
3.432500064373016357e-01
3.389999866485595703e-01
3.325000107288360596e-01
3.305000066757202148e-01
3.280000090599060059e-01
3.255000114440917969e-01
3.240000009536743164e-01
3.212499916553497314e-01
3.202500045299530029e-01
3.115000128746032715e-01
3.115000128746032715e-01
3.059999942779541016e-01
3.025000095367431641e-01
3.019999861717224121e-01
3.012500107288360596e-01
3.009999990463256836e-01
2.949999868869781494e-01
inf
2.947500050067901611e-01
inf
inf
inf
inf
inf
inf
inf
inf
inf
inf
inf
inf
inf
inf
inf
inf
inf
inf
inf
inf
inf
2.877500057220458984e-01
2.907499969005584717e-01
inf
inf
inf
inf
