1.672500073909759521e-01
1.669999957084655762e-01
inf
1.722500026226043701e-01
inf
1.969999969005584717e-01
inf
inf
inf
inf
inf
inf
inf
1.404250025749206543e+00
1.407999992370605469e+00
1.415500044822692871e+00
1.429499983787536621e+00
1.436249971389770508e+00
1.449749946594238281e+00
1.472749948501586914e+00
1.482750058174133301e+00
1.492249965667724609e+00
1.520750045776367188e+00
1.483250021934509277e+00
6.869999766349792480e-01
6.830000281333923340e-01
inf
1.343250036239624023e+00
6.759999990463256836e-01
1.291000008583068848e+00
6.554999947547912598e-01
6.654999852180480957e-01
6.639999747276306152e-01
inf
1.142500042915344238e+00
1.123250007629394531e+00
1.105000019073486328e+00
1.079249978065490723e+00
1.072000026702880859e+00
inf
1.038499951362609863e+00
1.011749982833862305e+00
1.003250002861022949e+00
9.907500147819519043e-01
9.664999842643737793e-01
9.559999704360961914e-01
9.462500214576721191e-01
9.382500052452087402e-01
9.194999933242797852e-01
9.110000133514404297e-01
9.017500281333923340e-01
8.924999833106994629e-01
8.769999742507934570e-01
8.677499890327453613e-01
8.637499809265136719e-01
8.562499880790710449e-01
8.432499766349792480e-01
8.385000228881835938e-01
8.339999914169311523e-01
8.277500271797180176e-01
8.199999928474426270e-01
8.149999976158142090e-01
8.112499713897705078e-01
8.040000200271606445e-01
7.992500066757202148e-01
7.942500114440917969e-01
8.052499890327453613e-01
8.370000123977661133e-01
8.262500166893005371e-01
8.257499933242797852e-01
8.212500214576721191e-01
8.172500133514404297e-01
8.132500052452087402e-01
8.119999766349792480e-01
8.080000281333923340e-01
8.054999709129333496e-01
8.042500019073486328e-01
8.027499914169311523e-01
8.009999990463256836e-01
5.740000009536743164e-01
5.837500095367431641e-01
5.805000066757202148e-01
5.814999938011169434e-01
5.812500119209289551e-01
5.832499861717224121e-01
5.835000276565551758e-01
5.839999914169311523e-01
5.852500200271606445e-01
5.912500023841857910e-01
5.932499766349792480e-01
5.942500233650207520e-01
6.007500290870666504e-01
6.007500290870666504e-01
inf
inf
inf
inf
inf
inf
inf
inf
inf
inf
inf
inf
inf
inf
inf
inf
inf
inf
inf
inf
6.997500061988830566e-01
inf
9.552500247955322266e-01
9.589999914169311523e-01
9.817500114440917969e-01
9.900000095367431641e-01
1.000000000000000000e+00
