3.462499976158142090e-01
inf
inf
inf
4.359499931335449219e+00
1.510750055313110352e+00
1.407999992370605469e+00
1.332249999046325684e+00
1.326249957084655762e+00
1.331249952316284180e+00
1.335000038146972656e+00
1.337749958038330078e+00
1.359500050544738770e+00
1.338500022888183594e+00
1.360499978065490723e+00
1.373000025749206543e+00
1.375000000000000000e+00
1.395499944686889648e+00
1.406499981880187988e+00
1.412999987602233887e+00
1.423499941825866699e+00
1.432500004768371582e+00
1.455749988555908203e+00
1.468750000000000000e+00
1.482249975204467773e+00
1.491999983787536621e+00
1.510750055313110352e+00
6.677500009536743164e-01
6.134999990463256836e-01
1.389999985694885254e+00
1.331249952316284180e+00
1.305500030517578125e+00
1.265249967575073242e+00
1.259750008583068848e+00
1.237249970436096191e+00
6.330000162124633789e-01
inf
6.504999995231628418e-01
1.093500018119812012e+00
1.097000002861022949e+00
1.082749962806701660e+00
1.072250008583068848e+00
1.071249961853027344e+00
1.061249971389770508e+00
1.010750055313110352e+00
1.001250028610229492e+00
inf
9.804999828338623047e-01
9.595000147819519043e-01
9.495000243186950684e-01
9.407500028610229492e-01
9.307500123977661133e-01
9.114999771118164062e-01
9.017500281333923340e-01
8.939999938011169434e-01
8.852499723434448242e-01
8.774999976158142090e-01
8.640000224113464355e-01
8.544999957084655762e-01
8.485000133514404297e-01
8.429999947547912598e-01
8.317499756813049316e-01
8.249999880790710449e-01
8.217499852180480957e-01
8.169999718666076660e-01
8.084999918937683105e-01
8.050000071525573730e-01
7.994999885559082031e-01
7.952499985694885254e-01
7.932500243186950684e-01
8.072500228881835938e-01
8.292499780654907227e-01
8.255000114440917969e-01
8.220000267028808594e-01
8.195000290870666504e-01
8.137500286102294922e-01
8.090000152587890625e-01
8.077499866485595703e-01
8.057500123977661133e-01
8.019999861717224121e-01
8.004999756813049316e-01
7.994999885559082031e-01
7.972499728202819824e-01
5.847499966621398926e-01
5.759999752044677734e-01
5.799999833106994629e-01
5.797500014305114746e-01
5.817499756813049316e-01
5.872499942779541016e-01
5.939999818801879883e-01
inf
inf
inf
inf
inf
inf
inf
inf
inf
inf
inf
inf
inf
inf
inf
inf
inf
inf
inf
inf
inf
inf
inf
inf
inf
inf
inf
inf
inf
inf
