1.617499947547912598e+00
1.628000020980834961e+00
1.649250030517578125e+00
1.683249950408935547e+00
1.696499943733215332e+00
1.722249984741210938e+00
1.661999940872192383e+00
1.628000020980834961e+00
1.596250057220458984e+00
1.566750049591064453e+00
1.506500005722045898e+00
1.483250021934509277e+00
1.456249952316284180e+00
1.427000045776367188e+00
1.407750010490417480e+00
1.360499978065490723e+00
1.342499971389770508e+00
1.325250029563903809e+00
1.307250022888183594e+00
1.272500038146972656e+00
1.249500036239624023e+00
1.235999941825866699e+00
1.220250010490417480e+00
1.205749988555908203e+00
1.179749965667724609e+00
1.165500044822692871e+00
1.151999950408935547e+00
1.137249946594238281e+00
1.128499984741210938e+00
1.106999993324279785e+00
1.095749974250793457e+00
1.093000054359436035e+00
1.082999944686889648e+00
1.073250055313110352e+00
1.066249966621398926e+00
1.049250006675720215e+00
1.041499972343444824e+00
1.036749958992004395e+00
1.029250025749206543e+00
1.016499996185302734e+00
1.008249998092651367e+00
1.001999974250793457e+00
9.982500076293945312e-01
9.904999732971191406e-01
9.827499985694885254e-01
9.754999876022338867e-01
1.023000001907348633e+00
1.015499949455261230e+00
1.010750055313110352e+00
1.001749992370605469e+00
9.987499713897705078e-01
9.967499971389770508e-01
9.907500147819519043e-01
9.869999885559082031e-01
9.827499985694885254e-01
9.802500009536743164e-01
9.789999723434448242e-01
7.450000047683715820e-01
7.497500181198120117e-01
7.497500181198120117e-01
7.490000128746032715e-01
7.469999790191650391e-01
7.480000257492065430e-01
7.482500076293945312e-01
7.490000128746032715e-01
7.500000000000000000e-01
7.502499818801879883e-01
7.599999904632568359e-01
7.599999904632568359e-01
7.634999752044677734e-01
7.692499756813049316e-01
7.695000171661376953e-01
inf
inf
inf
inf
inf
inf
inf
inf
inf
inf
inf
inf
inf
inf
inf
inf
1.065250039100646973e+00
1.070500016212463379e+00
1.077999949455261230e+00
1.086249947547912598e+00
1.092749953269958496e+00
1.101250052452087402e+00
1.113749980926513672e+00
1.119750022888183594e+00
1.138499975204467773e+00
1.150750041007995605e+00
1.160750031471252441e+00
1.142249941825866699e+00
1.026250004768371582e+00
9.860000014305114746e-01
9.517499804496765137e-01
8.872500061988830566e-01
8.937500119209289551e-01
8.982499837875366211e-01
8.149999976158142090e-01
inf
inf
inf
inf
inf
inf
inf
inf
inf
inf
inf
inf
inf
