inf
inf
inf
inf
inf
inf
inf
inf
inf
inf
inf
inf
inf
inf
inf
inf
inf
inf
inf
inf
inf
inf
inf
inf
inf
inf
7.822499871253967285e-01
7.902500033378601074e-01
7.985000014305114746e-01
8.029999732971191406e-01
7.867500185966491699e-01
7.795000076293945312e-01
7.722499966621398926e-01
7.655000090599060059e-01
inf
4.995000064373016357e-01
4.934999942779541016e-01
inf
inf
inf
inf
inf
inf
inf
4.850000143051147461e-01
inf
inf
inf
inf
6.840000152587890625e-01
6.812499761581420898e-01
inf
6.777499914169311523e-01
inf
inf
6.725000143051147461e-01
inf
inf
inf
inf
inf
inf
inf
inf
inf
inf
inf
inf
inf
inf
inf
inf
inf
inf
inf
inf
inf
inf
4.625000059604644775e-01
4.457499980926513672e-01
4.422500133514404297e-01
4.339999854564666748e-01
4.275000095367431641e-01
4.157499969005584717e-01
4.097500145435333252e-01
inf
inf
inf
3.792499899864196777e-01
3.742499947547912598e-01
3.692499995231628418e-01
3.692499995231628418e-01
3.622500002384185791e-01
inf
3.502500057220458984e-01
3.490000069141387939e-01
3.454999923706054688e-01
3.382500112056732178e-01
inf
3.332499861717224121e-01
3.157500028610229492e-01
3.174999952316284180e-01
3.192499876022338867e-01
3.197500109672546387e-01
3.167499899864196777e-01
3.160000145435333252e-01
3.134999871253967285e-01
3.057500123977661133e-01
3.064999878406524658e-01
3.059999942779541016e-01
3.007499873638153076e-01
2.994999885559082031e-01
2.967500090599060059e-01
2.967500090599060059e-01
2.967500090599060059e-01
inf
inf
2.877500057220458984e-01
2.877500057220458984e-01
2.837499976158142090e-01
