1.292999982833862305e+00
1.228000044822692871e+00
1.202999949455261230e+00
1.177500009536743164e+00
1.155249953269958496e+00
1.128250002861022949e+00
inf
1.086249947547912598e+00
1.043499946594238281e+00
1.027999997138977051e+00
1.008499979972839355e+00
9.912499785423278809e-01
9.717500209808349609e-01
9.409999847412109375e-01
9.269999861717224121e-01
9.104999899864196777e-01
8.967499732971191406e-01
8.837500214576721191e-01
8.557500243186950684e-01
8.454999923706054688e-01
8.347499966621398926e-01
8.240000009536743164e-01
8.149999976158142090e-01
7.972499728202819824e-01
7.877500057220458984e-01
7.792500257492065430e-01
7.727500200271606445e-01
7.767500281333923340e-01
7.927500009536743164e-01
7.917500138282775879e-01
7.850000262260437012e-01
7.779999971389770508e-01
7.682499885559082031e-01
7.632499933242797852e-01
inf
inf
inf
inf
inf
inf
inf
inf
inf
inf
4.855000078678131104e-01
inf
inf
inf
inf
6.830000281333923340e-01
6.815000176429748535e-01
inf
6.752499938011169434e-01
inf
6.727499961853027344e-01
6.710000038146972656e-01
inf
inf
inf
inf
4.625000059604644775e-01
inf
inf
inf
inf
inf
inf
inf
inf
inf
inf
inf
inf
inf
inf
inf
inf
inf
4.555000066757202148e-01
inf
4.422500133514404297e-01
4.339999854564666748e-01
4.275000095367431641e-01
4.157499969005584717e-01
inf
inf
inf
inf
3.835000097751617432e-01
3.737500011920928955e-01
3.692499995231628418e-01
3.670000135898590088e-01
3.607499897480010986e-01
3.592500090599060059e-01
inf
3.497500121593475342e-01
3.332499861717224121e-01
3.382500112056732178e-01
3.382500112056732178e-01
inf
3.192499876022338867e-01
3.227500021457672119e-01
3.192499876022338867e-01
3.192499876022338867e-01
3.165000081062316895e-01
3.160000145435333252e-01
inf
3.134999871253967285e-01
3.067499995231628418e-01
3.064999878406524658e-01
inf
3.012500107288360596e-01
2.987500131130218506e-01
2.969999909400939941e-01
inf
inf
2.949999868869781494e-01
2.912499904632568359e-01
2.912499904632568359e-01
2.872500121593475342e-01
