1.261999964714050293e+00
1.233999967575073242e+00
1.209249973297119141e+00
1.187999963760375977e+00
1.136000037193298340e+00
1.113250017166137695e+00
1.092000007629394531e+00
1.071499943733215332e+00
1.054250001907348633e+00
1.030500054359436035e+00
9.984999895095825195e-01
9.810000061988830566e-01
9.664999842643737793e-01
9.480000138282775879e-01
9.334999918937683105e-01
9.049999713897705078e-01
8.914999961853027344e-01
8.755000233650207520e-01
8.637499809265136719e-01
8.529999852180480957e-01
8.324999809265136719e-01
8.209999799728393555e-01
8.127499818801879883e-01
8.019999861717224121e-01
7.847499847412109375e-01
7.767500281333923340e-01
7.692499756813049316e-01
7.799999713897705078e-01
7.982500195503234863e-01
8.000000119209289551e-01
inf
7.845000028610229492e-01
7.684999704360961914e-01
7.634999752044677734e-01
inf
inf
inf
inf
inf
inf
inf
inf
inf
inf
4.850000143051147461e-01
inf
inf
inf
inf
6.837499737739562988e-01
inf
inf
6.747499704360961914e-01
inf
6.832500100135803223e-01
6.722499728202819824e-01
inf
inf
inf
inf
4.607500135898590088e-01
inf
inf
inf
inf
inf
inf
inf
inf
inf
3.607499897480010986e-01
inf
inf
inf
inf
inf
inf
inf
4.625000059604644775e-01
inf
4.452500045299530029e-01
inf
4.237500131130218506e-01
inf
4.122500121593475342e-01
inf
inf
3.914999961853027344e-01
inf
3.774999976158142090e-01
3.692499995231628418e-01
3.689999878406524658e-01
3.600000143051147461e-01
3.562499880790710449e-01
3.497500121593475342e-01
3.497500121593475342e-01
3.449999988079071045e-01
3.382500112056732178e-01
3.332499861717224121e-01
3.332499861717224121e-01
3.227500021457672119e-01
3.162499964237213135e-01
3.215000033378601074e-01
3.197500109672546387e-01
3.165000081062316895e-01
3.134999871253967285e-01
3.095000088214874268e-01
3.064999878406524658e-01
3.067499995231628418e-01
3.062500059604644775e-01
3.007499873638153076e-01
3.017500042915344238e-01
3.009999990463256836e-01
2.949999868869781494e-01
2.949999868869781494e-01
inf
inf
2.949999868869781494e-01
2.877500057220458984e-01
2.877500057220458984e-01
