6.792500019073486328e-01
6.812499761581420898e-01
6.822500228881835938e-01
6.822500228881835938e-01
6.852499842643737793e-01
6.980000138282775879e-01
inf
4.050000011920928955e-01
3.722499907016754150e-01
inf
3.557499945163726807e-01
3.689999878406524658e-01
3.770000040531158447e-01
3.552500009536743164e-01
inf
3.759999871253967285e-01
5.477499961853027344e-01
5.437499880790710449e-01
5.382500290870666504e-01
5.230000019073486328e-01
5.180000066757202148e-01
5.267500281333923340e-01
5.199999809265136719e-01
5.217499732971191406e-01
5.217499732971191406e-01
5.145000219345092773e-01
5.082499980926513672e-01
5.037500262260437012e-01
4.972499907016754150e-01
4.947499930858612061e-01
4.887500107288360596e-01
4.872500002384185791e-01
4.850000143051147461e-01
4.742499887943267822e-01
4.697499871253967285e-01
4.717499911785125732e-01
4.737499952316284180e-01
4.774999916553497314e-01
5.329999923706054688e-01
5.382500290870666504e-01
5.292500257492065430e-01
5.509999990463256836e-01
5.565000176429748535e-01
5.640000104904174805e-01
inf
inf
inf
inf
inf
inf
inf
3.160000145435333252e-01
3.017500042915344238e-01
2.972500026226043701e-01
2.842499911785125732e-01
2.797499895095825195e-01
2.752499878406524658e-01
2.705000042915344238e-01
2.664999961853027344e-01
2.587499916553497314e-01
2.590000033378601074e-01
2.517499923706054688e-01
inf
2.515000104904174805e-01
2.500000000000000000e-01
inf
2.492499947547912598e-01
2.475000023841857910e-01
2.450000047683715820e-01
2.440000027418136597e-01
inf
2.457499951124191284e-01
2.450000047683715820e-01
2.454999983310699463e-01
2.450000047683715820e-01
inf
2.467499971389770508e-01
inf
inf
inf
4.199999868869781494e-01
4.187499880790710449e-01
4.194999933242797852e-01
4.177500009536743164e-01
4.167500138282775879e-01
4.144999980926513672e-01
4.144999980926513672e-01
4.135000109672546387e-01
4.132499992847442627e-01
4.137499928474426270e-01
4.142499864101409912e-01
4.180000126361846924e-01
4.180000126361846924e-01
4.217500090599060059e-01
4.244999885559082031e-01
4.264999926090240479e-01
4.277499914169311523e-01
4.317499995231628418e-01
4.354999959468841553e-01
4.395000040531158447e-01
4.442499876022338867e-01
4.469999969005584717e-01
inf
inf
inf
inf
9.712499976158142090e-01
9.752500057220458984e-01
9.844999909400939941e-01
9.932500123977661133e-01
9.997500181198120117e-01
1.003250002861022949e+00
1.013000011444091797e+00
1.026749968528747559e+00
1.036749958992004395e+00
1.045750021934509277e+00
1.054499983787536621e+00
1.062500000000000000e+00
1.082249999046325684e+00
1.091750025749206543e+00
