2.547500133514404297e-01
2.572500109672546387e-01
2.607499957084655762e-01
2.682499885559082031e-01
2.777499854564666748e-01
2.832500040531158447e-01
inf
3.055000007152557373e-01
3.149999976158142090e-01
inf
inf
inf
1.350250005722045898e+00
1.355749964714050293e+00
inf
1.373999953269958496e+00
1.384250044822692871e+00
1.394500017166137695e+00
1.412500023841857910e+00
1.414499998092651367e+00
1.425750017166137695e+00
1.437749981880187988e+00
1.446249961853027344e+00
1.475999951362609863e+00
1.485499978065490723e+00
1.502500057220458984e+00
1.512249946594238281e+00
1.464249968528747559e+00
6.179999709129333496e-01
6.742500066757202148e-01
6.744999885559082031e-01
6.107500195503234863e-01
6.539999842643737793e-01
6.192499995231628418e-01
6.382499933242797852e-01
inf
1.163249969482421875e+00
inf
1.093500018119812012e+00
1.097000002861022949e+00
1.072250008583068848e+00
1.071750044822692871e+00
1.067749977111816406e+00
1.014250040054321289e+00
1.011000037193298340e+00
1.153249979019165039e+00
9.850000143051147461e-01
9.915000200271606445e-01
9.622499942779541016e-01
9.505000114440917969e-01
9.307500123977661133e-01
9.217500090599060059e-01
9.114999771118164062e-01
9.029999971389770508e-01
8.867499828338623047e-01
8.769999742507934570e-01
8.697500228881835938e-01
8.654999732971191406e-01
8.567500114440917969e-01
8.487499952316284180e-01
8.377500176429748535e-01
8.322499990463256836e-01
8.280000090599060059e-01
8.212500214576721191e-01
8.122500181198120117e-01
8.077499866485595703e-01
8.052499890327453613e-01
7.994999885559082031e-01
7.925000190734863281e-01
7.894999980926513672e-01
7.965000271797180176e-01
8.287500143051147461e-01
8.247500061988830566e-01
8.174999952316284180e-01
8.157500028610229492e-01
8.134999871253967285e-01
8.097500205039978027e-01
8.067499995231628418e-01
8.042500019073486328e-01
8.019999861717224121e-01
8.002499938011169434e-01
7.965000271797180176e-01
7.952499985694885254e-01
5.855000019073486328e-01
5.757499933242797852e-01
5.789999961853027344e-01
5.805000066757202148e-01
5.797500014305114746e-01
5.809999704360961914e-01
5.832499861717224121e-01
5.837500095367431641e-01
5.907499790191650391e-01
5.910000205039978027e-01
5.939999818801879883e-01
5.962499976158142090e-01
5.962499976158142090e-01
inf
inf
inf
inf
inf
inf
inf
inf
inf
inf
inf
inf
inf
inf
inf
inf
inf
inf
inf
inf
inf
inf
7.375000119209289551e-01
inf
