6.804999709129333496e-01
6.804999709129333496e-01
6.809999942779541016e-01
6.827499866485595703e-01
6.850000023841857910e-01
6.867499947547912598e-01
inf
4.059999883174896240e-01
3.717499971389770508e-01
3.602499961853027344e-01
3.552500009536743164e-01
3.692499995231628418e-01
3.767499923706054688e-01
3.607499897480010986e-01
3.557499945163726807e-01
3.750000000000000000e-01
inf
5.502499938011169434e-01
5.360000133514404297e-01
5.222499966621398926e-01
5.197499990463256836e-01
5.295000076293945312e-01
5.285000205039978027e-01
5.214999914169311523e-01
5.210000276565551758e-01
5.182499885559082031e-01
5.099999904632568359e-01
5.002499818801879883e-01
4.970000088214874268e-01
4.942499995231628418e-01
4.937500059604644775e-01
4.860000014305114746e-01
4.802500009536743164e-01
4.749999940395355225e-01
4.715000092983245850e-01
4.720000028610229492e-01
4.724999964237213135e-01
4.735000133514404297e-01
5.357499718666076660e-01
5.479999780654907227e-01
inf
5.502499938011169434e-01
5.525000095367431641e-01
5.627499818801879883e-01
5.742499828338623047e-01
inf
inf
inf
inf
inf
inf
inf
inf
inf
inf
inf
inf
3.240000009536743164e-01
3.142499923706054688e-01
inf
inf
2.779999971389770508e-01
2.750000059604644775e-01
2.680000066757202148e-01
2.652499973773956299e-01
inf
2.615000009536743164e-01
inf
2.597500085830688477e-01
2.585000097751617432e-01
inf
2.562499940395355225e-01
2.532500028610229492e-01
2.547500133514404297e-01
inf
2.552500069141387939e-01
2.567499876022338867e-01
inf
inf
inf
inf
4.317499995231628418e-01
4.269999861717224121e-01
4.252499938011169434e-01
4.237500131130218506e-01
inf
4.217500090599060059e-01
4.194999933242797852e-01
4.185000061988830566e-01
4.192500114440917969e-01
4.197500050067901611e-01
4.199999868869781494e-01
4.212499856948852539e-01
4.237500131130218506e-01
4.259999990463256836e-01
4.297499954700469971e-01
4.317499995231628418e-01
4.334999918937683105e-01
4.345000088214874268e-01
4.372499883174896240e-01
4.417499899864196777e-01
inf
inf
inf
4.722500145435333252e-01
inf
9.710000157356262207e-01
9.772499799728393555e-01
9.825000166893005371e-01
9.877499938011169434e-01
9.947500228881835938e-01
1.011749982833862305e+00
1.018249988555908203e+00
1.024250030517578125e+00
1.033249974250793457e+00
1.041749954223632812e+00
1.059749960899353027e+00
1.069749951362609863e+00
1.078250050544738770e+00
1.090999960899353027e+00
