1.280750036239624023e+00
1.248499989509582520e+00
1.193750023841857910e+00
1.168750047683715820e+00
1.150249958038330078e+00
1.121749997138977051e+00
1.099249958992004395e+00
1.061249971389770508e+00
1.050250053405761719e+00
inf
2.910000085830688477e-01
inf
inf
2.479999959468841553e-01
2.489999979734420776e-01
2.437500059604644775e-01
2.457499951124191284e-01
inf
inf
2.565000057220458984e-01
inf
inf
inf
inf
inf
inf
7.749999761581420898e-01
7.774999737739562988e-01
7.950000166893005371e-01
7.932500243186950684e-01
7.854999899864196777e-01
7.779999971389770508e-01
7.710000276565551758e-01
7.639999985694885254e-01
inf
inf
inf
inf
inf
inf
inf
inf
inf
inf
4.850000143051147461e-01
inf
inf
inf
inf
6.844999790191650391e-01
6.809999942779541016e-01
inf
6.754999756813049316e-01
inf
6.735000014305114746e-01
6.712499856948852539e-01
inf
inf
inf
inf
4.625000059604644775e-01
inf
inf
inf
inf
inf
inf
3.914999961853027344e-01
inf
inf
inf
inf
inf
inf
inf
inf
inf
inf
4.625000059604644775e-01
4.444999992847442627e-01
4.417499899864196777e-01
4.365000128746032715e-01
4.284999966621398926e-01
4.157499969005584717e-01
inf
inf
3.914999961853027344e-01
3.869999945163726807e-01
3.792499899864196777e-01
3.792499899864196777e-01
3.692499995231628418e-01
3.670000135898590088e-01
3.600000143051147461e-01
3.592500090599060059e-01
3.540000021457672119e-01
3.447499871253967285e-01
3.447499871253967285e-01
3.420000076293945312e-01
3.379999995231628418e-01
3.332499861717224121e-01
inf
3.272500038146972656e-01
3.227500021457672119e-01
3.192499876022338867e-01
3.165000081062316895e-01
3.157500028610229492e-01
3.134999871253967285e-01
3.095000088214874268e-01
2.987500131130218506e-01
3.067499995231628418e-01
3.009999990463256836e-01
inf
3.005000054836273193e-01
2.947500050067901611e-01
2.949999868869781494e-01
inf
2.949999868869781494e-01
2.877500057220458984e-01
2.912499904632568359e-01
2.897500097751617432e-01
