1.638000011444091797e+00
1.588500022888183594e+00
1.534500002861022949e+00
1.494500041007995605e+00
1.412500023841857910e+00
1.378749966621398926e+00
1.340000033378601074e+00
1.309249997138977051e+00
1.282250046730041504e+00
1.220499992370605469e+00
1.194749951362609863e+00
1.169499993324279785e+00
1.149749994277954102e+00
1.100749969482421875e+00
1.085500001907348633e+00
1.060500025749206543e+00
1.043499946594238281e+00
1.008749961853027344e+00
9.929999709129333496e-01
9.762499928474426270e-01
9.592499732971191406e-01
9.462500214576721191e-01
9.139999747276306152e-01
9.029999971389770508e-01
8.880000114440917969e-01
8.774999976158142090e-01
8.522499799728393555e-01
8.442500233650207520e-01
8.339999914169311523e-01
8.240000009536743164e-01
8.147500157356262207e-01
7.975000143051147461e-01
7.885000109672546387e-01
7.812500000000000000e-01
7.739999890327453613e-01
7.652500271797180176e-01
7.842500209808349609e-01
7.982500195503234863e-01
7.889999747276306152e-01
7.842500209808349609e-01
7.762500047683715820e-01
7.627500295639038086e-01
inf
inf
inf
7.382500171661376953e-01
7.335000038146972656e-01
7.282500267028808594e-01
7.237499952316284180e-01
inf
7.114999890327453613e-01
inf
7.052500247955322266e-01
7.014999985694885254e-01
6.967499852180480957e-01
6.999999880790710449e-01
inf
6.892499923706054688e-01
inf
inf
inf
inf
4.252499938011169434e-01
inf
inf
inf
inf
inf
inf
inf
3.607499897480010986e-01
inf
inf
3.465000092983245850e-01
inf
inf
inf
4.474999904632568359e-01
4.452500045299530029e-01
inf
4.297499954700469971e-01
4.157499969005584717e-01
4.157499969005584717e-01
inf
4.037500023841857910e-01
inf
inf
inf
3.697499930858612061e-01
3.697499930858612061e-01
3.692499995231628418e-01
3.607499897480010986e-01
3.592500090599060059e-01
3.497500121593475342e-01
inf
3.454999923706054688e-01
3.402499854564666748e-01
3.379999995231628418e-01
3.347499966621398926e-01
3.314999938011169434e-01
inf
3.244999945163726807e-01
3.227500021457672119e-01
3.162499964237213135e-01
3.194999992847442627e-01
3.160000145435333252e-01
3.162499964237213135e-01
3.134999871253967285e-01
inf
3.067499995231628418e-01
3.070000112056732178e-01
3.064999878406524658e-01
3.012500107288360596e-01
3.005000054836273193e-01
3.005000054836273193e-01
inf
3.005000054836273193e-01
2.952499985694885254e-01
2.949999868869781494e-01
2.947500050067901611e-01
