inf
inf
2.007499933242797852e-01
1.949999928474426270e-01
1.952500045299530029e-01
1.892500072717666626e-01
1.877499967813491821e-01
1.825000047683715820e-01
inf
1.609999984502792358e-01
1.550000011920928955e-01
1.500000059604644775e-01
1.465000063180923462e-01
1.449999958276748657e-01
1.435000002384185791e-01
1.410000026226043701e-01
1.354999989271163940e-01
1.284999996423721313e-01
inf
inf
1.272500008344650269e-01
1.212500035762786865e-01
1.230000033974647522e-01
inf
1.185000017285346985e-01
1.197500005364418030e-01
inf
1.182499974966049194e-01
1.169999986886978149e-01
inf
inf
inf
inf
inf
inf
inf
6.585000157356262207e-01
1.166499972343444824e+00
1.142249941825866699e+00
1.097000002861022949e+00
1.089249968528747559e+00
1.070999979972839355e+00
1.064249992370605469e+00
1.019749999046325684e+00
1.011000037193298340e+00
inf
1.134750008583068848e+00
1.003999948501586914e+00
9.627500176429748535e-01
9.522500038146972656e-01
9.334999918937683105e-01
9.227499961853027344e-01
9.139999747276306152e-01
8.967499732971191406e-01
8.870000243186950684e-01
8.797500133514404297e-01
8.702499866485595703e-01
8.650000095367431641e-01
8.582500219345092773e-01
8.460000157356262207e-01
8.397499918937683105e-01
8.342499732971191406e-01
8.232499957084655762e-01
8.182500004768371582e-01
8.144999742507934570e-01
8.109999895095825195e-01
8.065000176429748535e-01
7.960000038146972656e-01
7.917500138282775879e-01
7.894999980926513672e-01
8.207499980926513672e-01
8.257499933242797852e-01
8.224999904632568359e-01
8.202499747276306152e-01
8.157500028610229492e-01
8.102499842643737793e-01
8.082500100135803223e-01
8.065000176429748535e-01
8.052499890327453613e-01
8.004999756813049316e-01
7.979999780654907227e-01
7.982500195503234863e-01
7.944999933242797852e-01
5.842499732971191406e-01
5.734999775886535645e-01
5.784999728202819824e-01
5.799999833106994629e-01
5.795000195503234863e-01
5.802500247955322266e-01
5.820000171661376953e-01
5.820000171661376953e-01
5.907499790191650391e-01
5.939999818801879883e-01
5.920000076293945312e-01
inf
5.962499976158142090e-01
inf
inf
inf
inf
inf
inf
inf
inf
inf
inf
inf
inf
inf
inf
inf
inf
inf
inf
inf
inf
inf
inf
6.962500214576721191e-01
inf
