1.269500017166137695e+00
1.235999941825866699e+00
1.209249973297119141e+00
1.188750028610229492e+00
1.141250014305114746e+00
1.120000004768371582e+00
1.099249958992004395e+00
1.080000042915344238e+00
1.042250037193298340e+00
1.026000022888183594e+00
1.007249951362609863e+00
9.912499785423278809e-01
9.735000133514404297e-01
9.432500004768371582e-01
9.279999732971191406e-01
9.139999747276306152e-01
8.870000243186950684e-01
8.725000023841857910e-01
8.617500066757202148e-01
8.504999876022338867e-01
8.424999713897705078e-01
8.202499747276306152e-01
8.122500181198120117e-01
8.027499914169311523e-01
7.862499952316284180e-01
7.789999842643737793e-01
7.722499966621398926e-01
7.770000100135803223e-01
8.034999966621398926e-01
7.950000166893005371e-01
7.877500057220458984e-01
7.795000076293945312e-01
7.730000019073486328e-01
7.670000195503234863e-01
inf
inf
5.072500109672546387e-01
inf
inf
inf
inf
inf
inf
inf
4.850000143051147461e-01
inf
inf
inf
6.840000152587890625e-01
6.807500123977661133e-01
inf
inf
inf
6.797500252723693848e-01
6.722499728202819824e-01
6.765000224113464355e-01
inf
inf
inf
inf
4.629999995231628418e-01
inf
inf
inf
inf
inf
inf
3.857499957084655762e-01
inf
inf
inf
inf
inf
inf
inf
inf
inf
inf
4.555000066757202148e-01
inf
4.452500045299530029e-01
inf
4.202499985694885254e-01
4.097500145435333252e-01
4.122500121593475342e-01
inf
inf
3.914999961853027344e-01
3.792499899864196777e-01
3.792499899864196777e-01
3.729999959468841553e-01
inf
3.607499897480010986e-01
3.562499880790710449e-01
3.540000021457672119e-01
3.497500121593475342e-01
inf
3.347499966621398926e-01
inf
3.332499861717224121e-01
3.215000033378601074e-01
3.227500021457672119e-01
3.215000033378601074e-01
3.167499899864196777e-01
3.162499964237213135e-01
3.160000145435333252e-01
3.134999871253967285e-01
3.072499930858612061e-01
3.062500059604644775e-01
3.005000054836273193e-01
3.017500042915344238e-01
3.012500107288360596e-01
3.005000054836273193e-01
2.949999868869781494e-01
inf
inf
inf
2.837499976158142090e-01
2.877500057220458984e-01
2.882499992847442627e-01
