1.517750024795532227e+00
1.538499951362609863e+00
1.547000050544738770e+00
1.553750038146972656e+00
1.562999963760375977e+00
1.584499955177307129e+00
1.593000054359436035e+00
1.607750058174133301e+00
1.616250038146972656e+00
1.627249956130981445e+00
1.654250025749206543e+00
1.613250017166137695e+00
1.584249973297119141e+00
1.548499941825866699e+00
1.482750058174133301e+00
1.447999954223632812e+00
1.422000050544738770e+00
1.369500041007995605e+00
1.348500013351440430e+00
1.330000042915344238e+00
1.307500004768371582e+00
1.260750055313110352e+00
1.238250017166137695e+00
1.224249958992004395e+00
1.190250039100646973e+00
1.175750017166137695e+00
1.159500002861022949e+00
1.140499949455261230e+00
1.114750027656555176e+00
1.100999951362609863e+00
1.090000033378601074e+00
1.064749956130981445e+00
1.054250001907348633e+00
1.042000055313110352e+00
1.032250046730041504e+00
1.011500000953674316e+00
1.004750013351440430e+00
9.927499890327453613e-01
9.777500033378601074e-01
9.697499871253967285e-01
9.610000252723693848e-01
9.545000195503234863e-01
9.390000104904174805e-01
9.332500100135803223e-01
9.237499833106994629e-01
9.112499952316284180e-01
9.052500128746032715e-01
9.010000228881835938e-01
9.307500123977661133e-01
9.409999847412109375e-01
9.282500147819519043e-01
9.232500195503234863e-01
9.215000271797180176e-01
9.107499718666076660e-01
9.064999818801879883e-01
9.007499814033508301e-01
inf
6.669999957084655762e-01
inf
6.669999957084655762e-01
6.669999957084655762e-01
6.595000028610229492e-01
6.625000238418579102e-01
6.524999737739562988e-01
6.512500047683715820e-01
6.504999995231628418e-01
6.445000171661376953e-01
6.439999938011169434e-01
6.442499756813049316e-01
6.447499990463256836e-01
6.442499756813049316e-01
6.445000171661376953e-01
6.442499756813049316e-01
6.439999938011169434e-01
6.499999761581420898e-01
6.542500257492065430e-01
6.514999866485595703e-01
6.639999747276306152e-01
6.639999747276306152e-01
6.654999852180480957e-01
inf
inf
inf
inf
inf
inf
inf
inf
inf
inf
inf
inf
9.259999990463256836e-01
9.304999709129333496e-01
9.417499899864196777e-01
9.474999904632568359e-01
9.530000090599060059e-01
9.589999914169311523e-01
9.739999771118164062e-01
9.800000190734863281e-01
9.875000119209289551e-01
9.975000023841857910e-01
1.011749982833862305e+00
1.020499944686889648e+00
1.029250025749206543e+00
1.048499941825866699e+00
1.056249976158142090e+00
1.065250039100646973e+00
1.077000021934509277e+00
1.096500039100646973e+00
1.108749985694885254e+00
1.437000036239624023e+00
1.424499988555908203e+00
1.383249998092651367e+00
1.382500052452087402e+00
1.327250003814697266e+00
1.320999979972839355e+00
1.310750007629394531e+00
1.295750021934509277e+00
1.269749999046325684e+00
