1.564000010490417480e+00
1.514000058174133301e+00
1.467000007629394531e+00
1.428500056266784668e+00
1.357750058174133301e+00
1.321249961853027344e+00
1.310250043869018555e+00
1.259750008583068848e+00
1.233250021934509277e+00
1.206750035285949707e+00
1.156000018119812012e+00
1.128499984741210938e+00
1.108749985694885254e+00
1.087749958038330078e+00
1.052000045776367188e+00
1.029999971389770508e+00
1.011500000953674316e+00
9.952499866485595703e-01
9.779999852180480957e-01
9.465000033378601074e-01
9.315000176429748535e-01
9.185000061988830566e-01
9.052500128746032715e-01
8.747500181198120117e-01
8.634999990463256836e-01
8.535000085830688477e-01
8.429999947547912598e-01
8.322499990463256836e-01
8.130000233650207520e-01
8.029999732971191406e-01
7.954999804496765137e-01
7.872499823570251465e-01
7.695000171661376953e-01
7.652500271797180176e-01
7.792500257492065430e-01
7.985000014305114746e-01
7.957500219345092773e-01
7.870000004768371582e-01
7.724999785423278809e-01
7.655000090599060059e-01
7.617499828338623047e-01
inf
inf
inf
5.009999871253967285e-01
inf
inf
inf
inf
inf
inf
6.990000009536743164e-01
6.934999823570251465e-01
6.877499818801879883e-01
6.869999766349792480e-01
6.855000257492065430e-01
6.807500123977661133e-01
6.804999709129333496e-01
inf
inf
inf
inf
inf
inf
inf
inf
inf
inf
inf
inf
inf
3.614999949932098389e-01
inf
inf
3.447499871253967285e-01
inf
inf
inf
4.555000066757202148e-01
4.462499916553497314e-01
inf
inf
4.157499969005584717e-01
4.122500121593475342e-01
inf
inf
inf
3.792499899864196777e-01
3.762499988079071045e-01
3.692499995231628418e-01
3.670000135898590088e-01
3.600000143051147461e-01
inf
inf
3.447499871253967285e-01
3.447499871253967285e-01
3.379999995231628418e-01
3.359999954700469971e-01
inf
inf
3.227500021457672119e-01
3.167499899864196777e-01
3.192499876022338867e-01
3.162499964237213135e-01
3.134999871253967285e-01
inf
3.057500123977661133e-01
3.067499995231628418e-01
3.059999942779541016e-01
3.007499873638153076e-01
3.009999990463256836e-01
2.994999885559082031e-01
2.964999973773956299e-01
2.912499904632568359e-01
2.877500057220458984e-01
2.902500033378601074e-01
2.877500057220458984e-01
2.837499976158142090e-01
2.837499976158142090e-01
2.867499887943267822e-01
