1.287750005722045898e+00
1.228000044822692871e+00
1.202250003814697266e+00
1.177500009536743164e+00
1.155249953269958496e+00
1.128250002861022949e+00
1.087749958038330078e+00
1.068750023841857910e+00
1.052500009536743164e+00
1.032500028610229492e+00
1.014500021934509277e+00
9.802500009536743164e-01
9.660000205039978027e-01
9.472500085830688477e-01
9.325000047683715820e-01
9.060000181198120117e-01
8.899999856948852539e-01
8.762500286102294922e-01
8.665000200271606445e-01
8.427500128746032715e-01
8.337500095367431641e-01
8.252500295639038086e-01
8.137500286102294922e-01
7.977499961853027344e-01
7.879999876022338867e-01
7.797499895095825195e-01
7.727500200271606445e-01
7.767500281333923340e-01
8.037499785423278809e-01
7.960000038146972656e-01
7.879999876022338867e-01
7.787500023841857910e-01
7.737500071525573730e-01
inf
inf
inf
4.930000007152557373e-01
inf
inf
inf
inf
inf
inf
inf
4.850000143051147461e-01
inf
inf
inf
inf
6.840000152587890625e-01
inf
inf
6.767500042915344238e-01
inf
inf
6.722499728202819824e-01
inf
inf
inf
inf
inf
inf
inf
inf
inf
inf
inf
inf
inf
inf
inf
inf
inf
inf
inf
inf
inf
inf
4.617500007152557373e-01
inf
4.444999992847442627e-01
4.297499954700469971e-01
4.242500066757202148e-01
inf
4.122500121593475342e-01
inf
3.914999961853027344e-01
3.862499892711639404e-01
3.817499876022338867e-01
3.772499859333038330e-01
3.692499995231628418e-01
3.607499897480010986e-01
3.607499897480010986e-01
3.592500090599060059e-01
3.454999923706054688e-01
3.447499871253967285e-01
3.442499935626983643e-01
3.379999995231628418e-01
3.379999995231628418e-01
3.332499861717224121e-01
inf
3.252499997615814209e-01
3.215000033378601074e-01
3.197500109672546387e-01
3.162499964237213135e-01
inf
3.134999871253967285e-01
3.095000088214874268e-01
3.067499995231628418e-01
2.967500090599060059e-01
3.012500107288360596e-01
3.009999990463256836e-01
3.000000119209289551e-01
2.969999909400939941e-01
2.947500050067901611e-01
inf
inf
2.910000085830688477e-01
2.877500057220458984e-01
2.877500057220458984e-01
