inf
4.469999969005584717e-01
4.614999890327453613e-01
4.654999971389770508e-01
4.717499911785125732e-01
4.777500033378601074e-01
4.912500083446502686e-01
4.967499971389770508e-01
5.352500081062316895e-01
5.607500076293945312e-01
inf
1.753250002861022949e+00
1.755499958992004395e+00
1.771499991416931152e+00
1.789000034332275391e+00
1.795250058174133301e+00
1.754999995231628418e+00
1.722000002861022949e+00
1.669499993324279785e+00
1.616750001907348633e+00
1.587249994277954102e+00
1.569749951362609863e+00
1.536249995231628418e+00
1.478250026702880859e+00
1.461249947547912598e+00
1.433500051498413086e+00
1.417250037193298340e+00
1.373499989509582520e+00
1.358250021934509277e+00
1.337000012397766113e+00
1.302250027656555176e+00
1.287750005722045898e+00
1.271000027656555176e+00
1.253749966621398926e+00
1.227749943733215332e+00
1.217249989509582520e+00
1.206500053405761719e+00
1.194749951362609863e+00
1.174999952316284180e+00
1.161999940872192383e+00
1.157250046730041504e+00
1.142500042915344238e+00
1.123499989509582520e+00
1.115000009536743164e+00
1.105749964714050293e+00
1.091750025749206543e+00
1.082749962806701660e+00
1.074249982833862305e+00
1.070000052452087402e+00
1.106999993324279785e+00
1.096500039100646973e+00
1.090749979019165039e+00
1.081249952316284180e+00
1.077000021934509277e+00
1.075500011444091797e+00
inf
inf
inf
inf
inf
inf
inf
inf
inf
inf
inf
inf
8.042500019073486328e-01
8.042500019073486328e-01
7.914999723434448242e-01
7.914999723434448242e-01
7.914999723434448242e-01
7.894999980926513672e-01
7.914999723434448242e-01
7.894999980926513672e-01
7.914999723434448242e-01
inf
inf
inf
inf
inf
inf
inf
inf
1.033249974250793457e+00
1.021999955177307129e+00
1.024000048637390137e+00
1.028499960899353027e+00
1.032750010490417480e+00
1.040500044822692871e+00
1.042999982833862305e+00
1.046000003814697266e+00
1.051749944686889648e+00
1.061249971389770508e+00
1.067000031471252441e+00
1.072749972343444824e+00
1.077499985694885254e+00
1.085250020027160645e+00
1.095749974250793457e+00
1.103250026702880859e+00
1.109750032424926758e+00
1.116999983787536621e+00
1.131500005722045898e+00
1.142249941825866699e+00
1.151250004768371582e+00
1.167999982833862305e+00
1.518000006675720215e+00
1.497249960899353027e+00
1.457499980926513672e+00
1.437000036239624023e+00
1.406999945640563965e+00
1.366250038146972656e+00
1.347499966621398926e+00
1.321499943733215332e+00
1.286000013351440430e+00
1.269999980926513672e+00
1.246000051498413086e+00
1.236999988555908203e+00
1.204749941825866699e+00
1.192000031471252441e+00
