6.779999732971191406e-01
6.804999709129333496e-01
6.809999942779541016e-01
6.842499971389770508e-01
6.852499842643737793e-01
6.875000000000000000e-01
4.280000030994415283e-01
3.980000019073486328e-01
3.910000026226043701e-01
3.572500050067901611e-01
3.580000102519989014e-01
3.664999902248382568e-01
3.682500123977661133e-01
3.582499921321868896e-01
3.787499964237213135e-01
3.725000023841857910e-01
inf
5.442500114440917969e-01
5.419999957084655762e-01
5.342500209808349609e-01
5.207499861717224121e-01
5.292500257492065430e-01
5.237500071525573730e-01
5.220000147819519043e-01
5.210000276565551758e-01
5.205000042915344238e-01
5.095000267028808594e-01
5.037500262260437012e-01
4.959999918937683105e-01
4.959999918937683105e-01
4.914999902248382568e-01
4.877499938011169434e-01
4.867500066757202148e-01
4.749999940395355225e-01
4.740000069141387939e-01
4.720000028610229492e-01
4.724999964237213135e-01
4.732500016689300537e-01
5.375000238418579102e-01
5.477499961853027344e-01
inf
5.490000247955322266e-01
5.525000095367431641e-01
5.680000185966491699e-01
inf
inf
inf
inf
inf
inf
inf
inf
inf
inf
inf
inf
inf
inf
inf
inf
inf
2.409999966621398926e-01
2.370000034570693970e-01
2.294999957084655762e-01
2.327499985694885254e-01
inf
inf
2.280000001192092896e-01
inf
inf
inf
inf
3.165000081062316895e-01
2.205000072717666626e-01
2.137500047683715820e-01
2.125000059604644775e-01
inf
2.117500007152557373e-01
2.102500051259994507e-01
2.099999934434890747e-01
2.097499966621398926e-01
inf
2.080000042915344238e-01
2.037499994039535522e-01
2.017499953508377075e-01
inf
1.955000013113021851e-01
1.889999955892562866e-01
1.850000023841857910e-01
1.829999983310699463e-01
1.774999946355819702e-01
1.757500022649765015e-01
1.745000034570693970e-01
1.727499961853027344e-01
1.697500050067901611e-01
1.687500029802322388e-01
1.669999957084655762e-01
1.667499989271163940e-01
1.665000021457672119e-01
1.652500033378601074e-01
1.637499928474426270e-01
1.647499948740005493e-01
1.652500033378601074e-01
1.650000065565109253e-01
1.655000001192092896e-01
inf
inf
inf
inf
inf
inf
inf
inf
1.030500054359436035e+00
1.034000039100646973e+00
1.047500014305114746e+00
1.059499979019165039e+00
1.067250013351440430e+00
1.077499985694885254e+00
1.087249994277954102e+00
