1.540249943733215332e+00
1.554250001907348633e+00
1.570000052452087402e+00
1.599499940872192383e+00
1.604500055313110352e+00
1.620249986648559570e+00
1.649000048637390137e+00
1.644500017166137695e+00
1.596500039100646973e+00
1.572749972343444824e+00
1.509500026702880859e+00
1.478500008583068848e+00
1.457499980926513672e+00
1.427999973297119141e+00
1.406749963760375977e+00
1.362499952316284180e+00
1.341500043869018555e+00
1.317499995231628418e+00
1.299000024795532227e+00
1.278249979019165039e+00
1.243999958038330078e+00
1.227249979972839355e+00
1.213250041007995605e+00
1.200250029563903809e+00
1.183750033378601074e+00
1.157750010490417480e+00
1.146000027656555176e+00
1.130249977111816406e+00
1.121999979019165039e+00
1.113000035285949707e+00
1.090749979019165039e+00
1.077749967575073242e+00
1.071750044822692871e+00
1.065000057220458984e+00
1.056750059127807617e+00
1.049250006675720215e+00
1.034250020980834961e+00
1.025249958038330078e+00
1.018000006675720215e+00
1.011500000953674316e+00
1.004999995231628418e+00
9.915000200271606445e-01
9.869999885559082031e-01
9.815000295639038086e-01
9.767500162124633789e-01
9.702500104904174805e-01
9.612500071525573730e-01
9.570000171661376953e-01
1.002249956130981445e+00
9.959999918937683105e-01
9.917500019073486328e-01
9.872499704360961914e-01
9.825000166893005371e-01
9.775000214576721191e-01
9.760000109672546387e-01
9.732499718666076660e-01
9.720000028610229492e-01
9.695000052452087402e-01
9.654999971389770508e-01
7.497500181198120117e-01
7.325000166893005371e-01
7.372499704360961914e-01
7.372499704360961914e-01
7.377499938011169434e-01
7.379999756813049316e-01
7.390000224113464355e-01
7.404999732971191406e-01
7.437499761581420898e-01
7.440000176429748535e-01
7.492499947547912598e-01
7.562500238418579102e-01
7.595000267028808594e-01
7.652500271797180176e-01
inf
7.752500176429748535e-01
inf
inf
inf
inf
inf
inf
inf
inf
inf
inf
inf
inf
inf
8.372499942779541016e-01
inf
1.067499995231628418e+00
1.067999958992004395e+00
1.086750030517578125e+00
1.093000054359436035e+00
1.101999998092651367e+00
1.110999941825866699e+00
1.120000004768371582e+00
1.146749973297119141e+00
1.157500028610229492e+00
1.154000043869018555e+00
1.090000033378601074e+00
1.051749944686889648e+00
9.499999880790710449e-01
9.129999876022338867e-01
8.870000243186950684e-01
8.924999833106994629e-01
inf
8.169999718666076660e-01
inf
inf
inf
inf
inf
inf
inf
inf
inf
inf
inf
inf
