1.270499944686889648e+00
1.238250017166137695e+00
1.209249973297119141e+00
1.188500046730041504e+00
1.139999985694885254e+00
1.113250017166137695e+00
1.096500039100646973e+00
1.073750019073486328e+00
1.054749965667724609e+00
1.033499956130981445e+00
9.984999895095825195e-01
9.812499880790710449e-01
9.635000228881835938e-01
9.482499957084655762e-01
9.332500100135803223e-01
9.032499790191650391e-01
8.902500271797180176e-01
8.774999976158142090e-01
8.637499809265136719e-01
8.522499799728393555e-01
8.302500247955322266e-01
8.199999928474426270e-01
8.102499842643737793e-01
8.032500147819519043e-01
7.937499880790710449e-01
7.757499814033508301e-01
7.682499885559082031e-01
7.832499742507934570e-01
8.002499938011169434e-01
7.990000247955322266e-01
7.894999980926513672e-01
7.847499847412109375e-01
7.684999704360961914e-01
7.692499756813049316e-01
inf
5.127500295639038086e-01
inf
inf
inf
inf
inf
inf
inf
inf
4.842500090599060059e-01
inf
inf
inf
inf
6.825000047683715820e-01
6.872500181198120117e-01
inf
6.750000119209289551e-01
inf
6.719999909400939941e-01
6.704999804496765137e-01
inf
inf
inf
inf
4.607500135898590088e-01
inf
inf
inf
inf
inf
inf
inf
inf
inf
inf
inf
inf
inf
inf
inf
inf
inf
4.555000066757202148e-01
inf
4.452500045299530029e-01
4.347499907016754150e-01
4.160000085830688477e-01
4.162499904632568359e-01
inf
inf
inf
inf
3.792499899864196777e-01
3.792499899864196777e-01
3.697499930858612061e-01
inf
3.627499938011169434e-01
3.592500090599060059e-01
3.502500057220458984e-01
3.492499887943267822e-01
3.447499871253967285e-01
3.382500112056732178e-01
3.347499966621398926e-01
3.332499861717224121e-01
3.215000033378601074e-01
3.227500021457672119e-01
3.227500021457672119e-01
3.167499899864196777e-01
3.162499964237213135e-01
inf
3.154999911785125732e-01
3.092499971389770508e-01
3.017500042915344238e-01
3.014999926090240479e-01
3.057500123977661133e-01
2.994999885559082031e-01
2.987500131130218506e-01
2.949999868869781494e-01
2.949999868869781494e-01
inf
2.912499904632568359e-01
inf
2.877500057220458984e-01
2.877500057220458984e-01
