4.365000128746032715e-01
4.449999928474426270e-01
4.514999985694885254e-01
4.600000083446502686e-01
4.679999947547912598e-01
inf
4.860000014305114746e-01
5.097500085830688477e-01
5.307499766349792480e-01
inf
inf
1.592249989509582520e+00
1.599499940872192383e+00
1.610000014305114746e+00
inf
1.632750034332275391e+00
1.641749978065490723e+00
1.660500049591064453e+00
1.670500040054321289e+00
1.684000015258789062e+00
1.695999979972839355e+00
1.725000023841857910e+00
1.735749959945678711e+00
1.753250002861022949e+00
1.769500017166137695e+00
1.741000056266784668e+00
1.667250037193298340e+00
1.627500057220458984e+00
1.595499992370605469e+00
1.540750026702880859e+00
1.511749982833862305e+00
1.483500003814697266e+00
1.456500053405761719e+00
1.411499977111816406e+00
1.381999969482421875e+00
1.362750053405761719e+00
1.342499971389770508e+00
1.304000020027160645e+00
1.288249969482421875e+00
1.274000048637390137e+00
1.236750006675720215e+00
1.222749948501586914e+00
1.206750035285949707e+00
1.193500041961669922e+00
1.167750000953674316e+00
1.154500007629394531e+00
1.142500042915344238e+00
1.129750013351440430e+00
1.103250026702880859e+00
1.095999956130981445e+00
1.084499955177307129e+00
1.077000021934509277e+00
1.058750033378601074e+00
1.050250053405761719e+00
1.042250037193298340e+00
1.034999966621398926e+00
1.029000043869018555e+00
1.011999964714050293e+00
1.018499970436096191e+00
1.049749970436096191e+00
1.039749979972839355e+00
1.029000043869018555e+00
1.022250056266784668e+00
1.013749957084655762e+00
1.009250044822692871e+00
inf
7.655000090599060059e-01
inf
inf
inf
inf
inf
7.467499971389770508e-01
7.467499971389770508e-01
7.429999709129333496e-01
7.427499890327453613e-01
7.347499728202819824e-01
7.362499833106994629e-01
7.292500138282775879e-01
7.307500243186950684e-01
7.312499880790710449e-01
7.252500057220458984e-01
7.260000109672546387e-01
7.254999876022338867e-01
7.252500057220458984e-01
7.282500267028808594e-01
7.294999957084655762e-01
7.312499880790710449e-01
7.347499728202819824e-01
7.377499938011169434e-01
7.377499938011169434e-01
7.429999709129333496e-01
7.465000152587890625e-01
7.467499971389770508e-01
7.467499971389770508e-01
inf
7.465000152587890625e-01
9.707499742507934570e-01
9.620000123977661133e-01
9.714999794960021973e-01
9.747499823570251465e-01
9.804999828338623047e-01
9.900000095367431641e-01
9.965000152587890625e-01
9.937499761581420898e-01
9.937499761581420898e-01
1.003999948501586914e+00
1.017500042915344238e+00
1.023749947547912598e+00
1.030750036239624023e+00
1.036999940872192383e+00
1.044999957084655762e+00
1.057250022888183594e+00
1.066750049591064453e+00
1.074000000953674316e+00
1.082749962806701660e+00
1.091500043869018555e+00
1.105250000953674316e+00
1.115499973297119141e+00
1.463250041007995605e+00
