6.782500147819519043e-01
6.804999709129333496e-01
6.807500123977661133e-01
6.844999790191650391e-01
6.850000023841857910e-01
6.875000000000000000e-01
4.275000095367431641e-01
3.982500135898590088e-01
3.910000026226043701e-01
3.572500050067901611e-01
3.582499921321868896e-01
3.664999902248382568e-01
3.682500123977661133e-01
3.582499921321868896e-01
3.787499964237213135e-01
3.720000088214874268e-01
inf
5.450000166893005371e-01
5.419999957084655762e-01
5.342500209808349609e-01
5.222499966621398926e-01
5.277500152587890625e-01
5.292500257492065430e-01
5.220000147819519043e-01
5.220000147819519043e-01
5.157499909400939941e-01
5.095000267028808594e-01
5.047500133514404297e-01
4.959999918937683105e-01
4.932500123977661133e-01
4.907500147819519043e-01
4.875000119209289551e-01
4.844999909400939941e-01
4.810000061988830566e-01
4.740000069141387939e-01
4.709999859333038330e-01
inf
4.767499864101409912e-01
5.327500104904174805e-01
5.377500057220458984e-01
5.270000100135803223e-01
5.507500171661376953e-01
5.547500252723693848e-01
5.642499923706054688e-01
inf
inf
inf
inf
inf
inf
inf
3.067499995231628418e-01
3.014999926090240479e-01
2.955000102519989014e-01
2.894999980926513672e-01
2.842499911785125732e-01
2.762500047683715820e-01
2.689999938011169434e-01
2.664999961853027344e-01
inf
2.602500021457672119e-01
2.572500109672546387e-01
2.545000016689300537e-01
2.524999976158142090e-01
2.522499859333038330e-01
2.512499988079071045e-01
2.507500052452087402e-01
2.475000023841857910e-01
2.492499947547912598e-01
inf
2.475000023841857910e-01
inf
2.475000023841857910e-01
inf
2.469999939203262329e-01
2.492499947547912598e-01
inf
2.557500004768371582e-01
inf
inf
4.444999992847442627e-01
4.300000071525573730e-01
4.262500107288360596e-01
4.242500066757202148e-01
4.219999909400939941e-01
4.207499921321868896e-01
4.194999933242797852e-01
4.177500009536743164e-01
4.165000021457672119e-01
4.169999957084655762e-01
4.174999892711639404e-01
4.187499880790710449e-01
4.199999868869781494e-01
4.210000038146972656e-01
4.247500002384185791e-01
inf
4.269999861717224121e-01
4.312500059604644775e-01
4.337500035762786865e-01
4.354999959468841553e-01
4.395000040531158447e-01
4.452500045299530029e-01
inf
4.620000123977661133e-01
inf
inf
9.657499790191650391e-01
9.782500267028808594e-01
9.835000038146972656e-01
9.887499809265136719e-01
9.977499842643737793e-01
1.002750039100646973e+00
1.019000053405761719e+00
1.025750041007995605e+00
1.034250020980834961e+00
1.042000055313110352e+00
1.052000045776367188e+00
1.072000026702880859e+00
1.082249999046325684e+00
1.091500043869018555e+00
