1.879999935626983643e-01
1.825000047683715820e-01
1.807499974966049194e-01
1.772499978542327881e-01
1.757500022649765015e-01
1.704999953508377075e-01
1.679999977350234985e-01
inf
inf
1.410000026226043701e-01
1.392499953508377075e-01
1.187499985098838806e-01
1.194999963045120239e-01
1.180000007152557373e-01
1.167500019073486328e-01
1.167500019073486328e-01
1.164999976754188538e-01
1.164999976754188538e-01
1.167500019073486328e-01
1.164999976754188538e-01
inf
1.167500019073486328e-01
inf
1.395000070333480835e-01
inf
1.395000070333480835e-01
1.395000070333480835e-01
1.395000070333480835e-01
1.417499929666519165e-01
inf
1.424999982118606567e-01
inf
inf
inf
inf
inf
inf
1.072499990463256836e+00
1.041499972343444824e+00
1.027999997138977051e+00
1.016000032424926758e+00
9.942499995231628418e-01
9.867500066757202148e-01
9.750000238418579102e-01
9.635000228881835938e-01
9.477499723434448242e-01
9.377499818801879883e-01
9.294999837875366211e-01
9.229999780654907227e-01
9.070000052452087402e-01
9.004999995231628418e-01
8.927500247955322266e-01
8.870000243186950684e-01
8.722500205039978027e-01
8.669999837875366211e-01
8.632500171661376953e-01
8.577499985694885254e-01
8.464999794960021973e-01
8.432499766349792480e-01
8.382499814033508301e-01
8.342499732971191406e-01
8.280000090599060059e-01
8.364999890327453613e-01
8.694999814033508301e-01
8.637499809265136719e-01
8.544999957084655762e-01
8.512499928474426270e-01
8.482499718666076660e-01
8.439999818801879883e-01
8.424999713897705078e-01
8.392500281333923340e-01
8.370000123977661133e-01
8.337500095367431641e-01
8.342499732971191406e-01
inf
6.167500019073486328e-01
6.397500038146972656e-01
6.075000166893005371e-01
6.069999933242797852e-01
6.090000271797180176e-01
6.087499856948852539e-01
6.092500090599060059e-01
6.075000166893005371e-01
6.104999780654907227e-01
6.129999756813049316e-01
6.209999918937683105e-01
6.209999918937683105e-01
6.247500181198120117e-01
6.287500262260437012e-01
6.287500262260437012e-01
inf
inf
inf
inf
inf
inf
inf
inf
inf
inf
inf
inf
inf
inf
inf
inf
inf
inf
inf
7.129999995231628418e-01
9.887499809265136719e-01
9.725000262260437012e-01
9.800000190734863281e-01
9.900000095367431641e-01
1.008000016212463379e+00
1.016999959945678711e+00
1.026499986648559570e+00
1.037750005722045898e+00
1.061750054359436035e+00
1.069499969482421875e+00
