1.112499952316284180e+00
1.074499964714050293e+00
1.057999968528747559e+00
1.039250016212463379e+00
1.023499965667724609e+00
9.942499995231628418e-01
9.750000238418579102e-01
9.620000123977661133e-01
9.480000138282775879e-01
9.347500205039978027e-01
9.212499856948852539e-01
9.127500057220458984e-01
8.882499933242797852e-01
8.750000000000000000e-01
8.662499785423278809e-01
8.452500104904174805e-01
8.370000123977661133e-01
8.284999728202819824e-01
8.199999928474426270e-01
8.144999742507934570e-01
7.977499961853027344e-01
7.912499904632568359e-01
7.832499742507934570e-01
7.789999842643737793e-01
8.052499890327453613e-01
8.105000257492065430e-01
8.029999732971191406e-01
7.975000143051147461e-01
7.912499904632568359e-01
7.797499895095825195e-01
7.772499918937683105e-01
7.705000042915344238e-01
7.652500271797180176e-01
7.609999775886535645e-01
7.512500286102294922e-01
inf
7.462499737739562988e-01
inf
inf
inf
inf
inf
inf
inf
inf
4.252499938011169434e-01
inf
inf
inf
inf
inf
inf
inf
inf
inf
inf
4.629999995231628418e-01
4.637500047683715820e-01
inf
3.950000107288360596e-01
3.930000066757202148e-01
3.917500078678131104e-01
3.894999921321868896e-01
3.874999880790710449e-01
3.849999904632568359e-01
3.802500069141387939e-01
3.765000104904174805e-01
3.757500052452087402e-01
3.680000007152557373e-01
3.650000095367431641e-01
3.619999885559082031e-01
3.549999892711639404e-01
3.515000045299530029e-01
3.477500081062316895e-01
3.447499871253967285e-01
3.377499878406524658e-01
3.350000083446502686e-01
3.297500014305114746e-01
3.280000090599060059e-01
3.255000114440917969e-01
3.194999992847442627e-01
3.174999952316284180e-01
3.177500069141387939e-01
3.115000128746032715e-01
3.079999983310699463e-01
3.067499995231628418e-01
3.047499954700469971e-01
3.052499890327453613e-01
3.009999990463256836e-01
2.994999885559082031e-01
inf
2.944999933242797852e-01
inf
inf
inf
inf
inf
inf
inf
inf
inf
inf
inf
inf
inf
inf
inf
inf
inf
inf
inf
inf
inf
inf
2.877500057220458984e-01
inf
inf
inf
inf
inf
