6.792500019073486328e-01
6.807500123977661133e-01
6.809999942779541016e-01
6.834999918937683105e-01
6.847500205039978027e-01
6.872500181198120117e-01
4.127500057220458984e-01
3.989999890327453613e-01
3.634999990463256836e-01
3.567500114440917969e-01
3.642500042915344238e-01
3.704999983310699463e-01
3.720000088214874268e-01
3.572500050067901611e-01
3.770000040531158447e-01
inf
5.632500052452087402e-01
5.460000038146972656e-01
5.419999957084655762e-01
5.372499823570251465e-01
5.224999785423278809e-01
5.292500257492065430e-01
5.270000100135803223e-01
5.220000147819519043e-01
5.217499732971191406e-01
5.145000219345092773e-01
5.092499852180480957e-01
5.037500262260437012e-01
5.022500157356262207e-01
4.930000007152557373e-01
4.887500107288360596e-01
4.875000119209289551e-01
4.842500090599060059e-01
4.745000004768371582e-01
4.745000004768371582e-01
4.712499976158142090e-01
4.732500016689300537e-01
inf
5.327500104904174805e-01
5.379999876022338867e-01
5.285000205039978027e-01
5.509999990463256836e-01
5.557500123977661133e-01
5.640000104904174805e-01
inf
inf
inf
inf
inf
inf
inf
inf
inf
inf
inf
inf
inf
inf
inf
inf
inf
inf
3.379999995231628418e-01
3.197500109672546387e-01
3.165000081062316895e-01
3.117499947547912598e-01
3.014999926090240479e-01
2.962499856948852539e-01
2.870000004768371582e-01
2.840000092983245850e-01
inf
2.732500135898590088e-01
2.675000131130218506e-01
2.639999985694885254e-01
inf
2.610000073909759521e-01
2.567499876022338867e-01
2.485000044107437134e-01
2.469999939203262329e-01
2.370000034570693970e-01
2.364999949932098389e-01
inf
inf
inf
inf
inf
4.187499880790710449e-01
4.154999852180480957e-01
4.167500138282775879e-01
4.167500138282775879e-01
4.174999892711639404e-01
4.194999933242797852e-01
4.212499856948852539e-01
4.237500131130218506e-01
4.259999990463256836e-01
4.267500042915344238e-01
4.297499954700469971e-01
4.339999854564666748e-01
4.354999959468841553e-01
4.377500116825103760e-01
4.422500133514404297e-01
inf
inf
inf
4.672499895095825195e-01
inf
9.727500081062316895e-01
9.782500267028808594e-01
9.832500219345092773e-01
9.887499809265136719e-01
9.975000023841857910e-01
1.012249946594238281e+00
1.019000053405761719e+00
1.025750041007995605e+00
1.033750057220458984e+00
1.042500019073486328e+00
1.050250053405761719e+00
1.071750044822692871e+00
1.078750014305114746e+00
1.090999960899353027e+00
