1.112750053405761719e+00
1.079499959945678711e+00
1.058500051498413086e+00
1.043249964714050293e+00
1.027750015258789062e+00
9.957500100135803223e-01
9.789999723434448242e-01
9.632499814033508301e-01
9.499999880790710449e-01
9.384999871253967285e-01
9.272500276565551758e-01
8.997499942779541016e-01
8.899999856948852539e-01
8.769999742507934570e-01
8.665000200271606445e-01
8.470000028610229492e-01
8.402500152587890625e-01
8.302500247955322266e-01
8.227499723434448242e-01
8.149999976158142090e-01
8.012499809265136719e-01
7.927500009536743164e-01
7.864999771118164062e-01
7.804999947547912598e-01
8.017500042915344238e-01
8.122500181198120117e-01
8.044999837875366211e-01
7.985000014305114746e-01
7.927500009536743164e-01
7.827500104904174805e-01
7.760000228881835938e-01
7.714999914169311523e-01
7.672500014305114746e-01
7.622500061988830566e-01
7.534999847412109375e-01
inf
7.467499971389770508e-01
inf
inf
inf
inf
inf
inf
inf
inf
inf
inf
inf
inf
inf
inf
inf
3.867500126361846924e-01
inf
inf
inf
4.692499935626983643e-01
4.637500047683715820e-01
inf
3.962500095367431641e-01
3.927499949932098389e-01
3.927499949932098389e-01
3.902499973773956299e-01
3.885000050067901611e-01
3.852500021457672119e-01
3.772499859333038330e-01
3.754999935626983643e-01
3.732500076293945312e-01
3.697499930858612061e-01
3.672499954700469971e-01
3.594999909400939941e-01
3.560000061988830566e-01
3.517499864101409912e-01
3.462499976158142090e-01
3.425000011920928955e-01
3.382500112056732178e-01
3.322499990463256836e-01
3.294999897480010986e-01
3.277499973773956299e-01
3.237499892711639404e-01
3.217499852180480957e-01
3.207499980926513672e-01
3.157500028610229492e-01
3.125000000000000000e-01
3.109999895095825195e-01
3.059999942779541016e-01
3.057500123977661133e-01
3.025000095367431641e-01
3.012500107288360596e-01
3.002499938011169434e-01
2.935000061988830566e-01
2.944999933242797852e-01
inf
inf
inf
inf
inf
inf
inf
inf
inf
inf
inf
inf
inf
inf
inf
inf
inf
inf
inf
inf
inf
inf
2.912499904632568359e-01
2.907499969005584717e-01
inf
inf
inf
inf
