1.524500012397766113e+00
1.450000047683715820e+00
1.389999985694885254e+00
1.365499973297119141e+00
1.378749966621398926e+00
1.389750003814697266e+00
1.396749973297119141e+00
1.405750036239624023e+00
1.413499951362609863e+00
1.423750042915344238e+00
1.432749986648559570e+00
1.452499985694885254e+00
1.468500018119812012e+00
1.477499961853027344e+00
1.490749955177307129e+00
1.503999948501586914e+00
1.519500017166137695e+00
1.539000034332275391e+00
1.564499974250793457e+00
1.580250024795532227e+00
1.562000036239624023e+00
1.528499960899353027e+00
1.500499963760375977e+00
1.438500046730041504e+00
1.417250037193298340e+00
1.391250014305114746e+00
1.367249965667724609e+00
1.342499971389770508e+00
1.299749970436096191e+00
1.282500028610229492e+00
1.261500000953674316e+00
1.241000056266784668e+00
1.227249979972839355e+00
1.210250020027160645e+00
1.180999994277954102e+00
1.165500044822692871e+00
1.149000048637390137e+00
1.136250019073486328e+00
1.111250042915344238e+00
1.098500013351440430e+00
1.090250015258789062e+00
1.076750040054321289e+00
1.069249987602233887e+00
1.049499988555908203e+00
1.039000034332275391e+00
1.030750036239624023e+00
1.021749973297119141e+00
1.014000058174133301e+00
1.005499958992004395e+00
9.904999732971191406e-01
9.827499985694885254e-01
9.754999876022338867e-01
9.710000157356262207e-01
9.622499942779541016e-01
9.524999856948852539e-01
9.447500109672546387e-01
9.392499923706054688e-01
9.359999895095825195e-01
9.307500123977661133e-01
9.272500276565551758e-01
9.207500219345092773e-01
9.164999723434448242e-01
9.595000147819519043e-01
9.545000195503234863e-01
9.509999752044677734e-01
9.434999823570251465e-01
9.390000104904174805e-01
9.382500052452087402e-01
9.372500181198120117e-01
9.327499866485595703e-01
9.307500123977661133e-01
9.275000095367431641e-01
9.287499785423278809e-01
7.030000090599060059e-01
7.027500271797180176e-01
7.032499909400939941e-01
7.037500143051147461e-01
7.042499780654907227e-01
7.049999833106994629e-01
7.092499732971191406e-01
7.177500128746032715e-01
7.197499871253967285e-01
7.200000286102294922e-01
7.235000133514404297e-01
7.250000238418579102e-01
7.250000238418579102e-01
7.267500162124633789e-01
inf
inf
inf
inf
inf
inf
inf
inf
inf
inf
inf
inf
inf
inf
inf
inf
8.032500147819519043e-01
1.061750054359436035e+00
1.042750000953674316e+00
1.050250053405761719e+00
1.069749951362609863e+00
1.077749967575073242e+00
1.090499997138977051e+00
1.095499992370605469e+00
1.105250000953674316e+00
1.116500020027160645e+00
1.128250002861022949e+00
1.061750054359436035e+00
1.010499954223632812e+00
9.672499895095825195e-01
9.317499995231628418e-01
8.529999852180480957e-01
8.547499775886535645e-01
