1.271000027656555176e+00
1.238250017166137695e+00
1.209249973297119141e+00
1.188750028610229492e+00
1.139750003814697266e+00
1.113499999046325684e+00
1.096500039100646973e+00
1.073500037193298340e+00
1.054499983787536621e+00
1.033249974250793457e+00
9.984999895095825195e-01
9.810000061988830566e-01
9.627500176429748535e-01
9.480000138282775879e-01
9.315000176429748535e-01
9.037500023841857910e-01
8.884999752044677734e-01
8.765000104904174805e-01
8.634999990463256836e-01
8.512499928474426270e-01
8.404999971389770508e-01
8.199999928474426270e-01
8.097500205039978027e-01
8.025000095367431641e-01
7.914999723434448242e-01
7.820000052452087402e-01
7.689999938011169434e-01
7.854999899864196777e-01
8.022500276565551758e-01
7.977499961853027344e-01
7.897499799728393555e-01
7.799999713897705078e-01
7.735000252723693848e-01
inf
inf
inf
inf
inf
inf
inf
inf
inf
inf
inf
inf
inf
inf
inf
6.997500061988830566e-01
6.819999814033508301e-01
inf
inf
6.847500205039978027e-01
inf
inf
6.719999909400939941e-01
inf
inf
inf
5.575000047683715820e-01
4.657500088214874268e-01
inf
inf
inf
inf
inf
inf
inf
inf
inf
3.607499897480010986e-01
inf
inf
inf
inf
inf
inf
inf
4.555000066757202148e-01
inf
4.444999992847442627e-01
4.365000128746032715e-01
4.167500138282775879e-01
4.147500097751617432e-01
4.117499887943267822e-01
inf
inf
inf
3.792499899864196777e-01
3.792499899864196777e-01
3.697499930858612061e-01
inf
3.607499897480010986e-01
3.600000143051147461e-01
inf
3.447499871253967285e-01
3.454999923706054688e-01
3.382500112056732178e-01
3.379999995231628418e-01
3.332499861717224121e-01
inf
3.227500021457672119e-01
3.192499876022338867e-01
3.197500109672546387e-01
3.197500109672546387e-01
3.160000145435333252e-01
3.134999871253967285e-01
3.057500123977661133e-01
3.067499995231628418e-01
3.012500107288360596e-01
inf
3.019999861717224121e-01
2.987500131130218506e-01
2.957499921321868896e-01
2.949999868869781494e-01
inf
inf
2.912499904632568359e-01
2.912499904632568359e-01
2.867499887943267822e-01
