5.447499752044677734e-01
5.442500114440917969e-01
5.452499985694885254e-01
5.447499752044677734e-01
5.452499985694885254e-01
5.465000271797180176e-01
5.454999804496765137e-01
5.490000247955322266e-01
5.500000119209289551e-01
5.575000047683715820e-01
5.592499971389770508e-01
5.592499971389770508e-01
5.612499713897705078e-01
5.649999976158142090e-01
inf
inf
inf
inf
7.757499814033508301e-01
7.799999713897705078e-01
7.812500000000000000e-01
7.870000004768371582e-01
7.910000085830688477e-01
8.000000119209289551e-01
8.054999709129333496e-01
8.107500076293945312e-01
8.147500157356262207e-01
8.205000162124633789e-01
8.309999704360961914e-01
8.364999890327453613e-01
8.457499742507934570e-01
8.495000004768371582e-01
8.579999804496765137e-01
8.667500019073486328e-01
8.192499876022338867e-01
7.597500085830688477e-01
inf
inf
5.985000133514404297e-01
5.772500038146972656e-01
5.749999880790710449e-01
5.764999985694885254e-01
inf
inf
inf
inf
inf
inf
inf
inf
inf
inf
inf
inf
inf
inf
inf
7.467499971389770508e-01
7.505000233650207520e-01
7.555000185966491699e-01
7.764999866485595703e-01
7.875000238418579102e-01
9.922500252723693848e-01
9.915000200271606445e-01
9.825000166893005371e-01
9.702500104904174805e-01
9.674999713897705078e-01
9.605000019073486328e-01
9.517499804496765137e-01
9.380000233650207520e-01
9.424999952316284180e-01
9.265000224113464355e-01
9.232500195503234863e-01
9.229999780654907227e-01
9.202499985694885254e-01
9.197499752044677734e-01
8.997499942779541016e-01
8.947499990463256836e-01
8.945000171661376953e-01
8.852499723434448242e-01
8.845000267028808594e-01
8.909999728202819824e-01
8.840000033378601074e-01
8.832499980926513672e-01
8.832499980926513672e-01
8.742499947547912598e-01
8.734999895095825195e-01
8.722500205039978027e-01
8.715000152587890625e-01
8.799999952316284180e-01
8.802499771118164062e-01
8.782500028610229492e-01
8.737499713897705078e-01
8.805000185966491699e-01
8.837500214576721191e-01
8.862500190734863281e-01
8.909999728202819824e-01
8.987500071525573730e-01
9.095000028610229492e-01
inf
inf
8.937500119209289551e-01
9.095000028610229492e-01
8.949999809265136719e-01
9.049999713897705078e-01
9.132500290870666504e-01
9.229999780654907227e-01
9.284999966621398926e-01
9.290000200271606445e-01
9.397500157356262207e-01
9.459999799728393555e-01
9.495000243186950684e-01
9.522500038146972656e-01
inf
3.957499861717224121e-01
3.644999861717224121e-01
3.682500123977661133e-01
inf
inf
3.607499897480010986e-01
