1.286749958992004395e+00
1.224750041961669922e+00
1.202000021934509277e+00
1.175999999046325684e+00
1.154000043869018555e+00
1.128499984741210938e+00
1.087000012397766113e+00
1.066750049591064453e+00
1.045750021934509277e+00
1.026749968528747559e+00
1.008999943733215332e+00
9.915000200271606445e-01
9.570000171661376953e-01
9.442499876022338867e-01
9.277499914169311523e-01
9.137499928474426270e-01
8.865000009536743164e-01
8.722500205039978027e-01
8.594999909400939941e-01
8.477500081062316895e-01
8.387500047683715820e-01
8.184999823570251465e-01
8.082500100135803223e-01
7.992500066757202148e-01
7.914999723434448242e-01
7.822499871253967285e-01
7.745000123977661133e-01
7.854999899864196777e-01
8.052499890327453613e-01
7.969999909400939941e-01
7.879999876022338867e-01
7.820000052452087402e-01
7.687500119209289551e-01
inf
inf
5.065000057220458984e-01
inf
inf
inf
inf
inf
inf
inf
inf
4.850000143051147461e-01
inf
inf
inf
inf
6.847500205039978027e-01
6.872500181198120117e-01
inf
6.744999885559082031e-01
inf
6.722499728202819824e-01
6.694999933242797852e-01
inf
inf
inf
inf
4.595000147819519043e-01
inf
inf
inf
inf
inf
inf
inf
inf
inf
inf
inf
inf
inf
inf
inf
inf
inf
4.555000066757202148e-01
inf
4.452500045299530029e-01
4.365000128746032715e-01
4.165000021457672119e-01
4.142499864101409912e-01
inf
inf
inf
inf
3.792499899864196777e-01
3.702499866485595703e-01
3.692499995231628418e-01
3.670000135898590088e-01
3.607499897480010986e-01
3.592500090599060059e-01
3.497500121593475342e-01
3.454999923706054688e-01
3.384999930858612061e-01
3.384999930858612061e-01
3.332499861717224121e-01
3.332499861717224121e-01
inf
3.160000145435333252e-01
3.215000033378601074e-01
inf
3.192499876022338867e-01
3.134999871253967285e-01
3.134999871253967285e-01
3.064999878406524658e-01
3.057500123977661133e-01
3.057500123977661133e-01
3.012500107288360596e-01
3.009999990463256836e-01
3.005000054836273193e-01
2.949999868869781494e-01
2.949999868869781494e-01
inf
inf
2.837499976158142090e-01
2.779999971389770508e-01
2.892499864101409912e-01
