inf
4.358749866485595703e+00
4.356999874114990234e+00
1.547749996185302734e+00
1.445999979972839355e+00
1.321499943733215332e+00
1.329749941825866699e+00
1.332499980926513672e+00
1.336500048637390137e+00
1.338750004768371582e+00
1.349249958992004395e+00
1.357750058174133301e+00
inf
1.373499989509582520e+00
1.383499979972839355e+00
1.394749999046325684e+00
1.407250046730041504e+00
1.418249964714050293e+00
1.425999999046325684e+00
1.444499969482421875e+00
inf
3.237499892711639404e-01
inf
3.127500116825103760e-01
3.037500083446502686e-01
2.987500131130218506e-01
2.907499969005584717e-01
inf
2.820000052452087402e-01
2.777499854564666748e-01
inf
2.770000100135803223e-01
2.702499926090240479e-01
2.692500054836273193e-01
2.664999961853027344e-01
2.657499909400939941e-01
inf
2.657499909400939941e-01
2.667500078678131104e-01
2.680000066757202148e-01
inf
2.689999938011169434e-01
2.817499935626983643e-01
inf
inf
inf
inf
9.509999752044677734e-01
9.359999895095825195e-01
9.169999957084655762e-01
9.082499742507934570e-01
9.002500176429748535e-01
8.907499909400939941e-01
8.842499852180480957e-01
8.669999837875366211e-01
8.612499833106994629e-01
8.529999852180480957e-01
8.482499718666076660e-01
8.424999713897705078e-01
8.299999833106994629e-01
8.257499933242797852e-01
8.202499747276306152e-01
8.162500262260437012e-01
8.067499995231628418e-01
8.027499914169311523e-01
7.990000247955322266e-01
7.910000085830688477e-01
7.892500162124633789e-01
8.057500123977661133e-01
8.270000219345092773e-01
8.240000009536743164e-01
8.184999823570251465e-01
8.162500262260437012e-01
8.140000104904174805e-01
8.084999918937683105e-01
8.065000176429748535e-01
8.022500276565551758e-01
8.004999756813049316e-01
7.990000247955322266e-01
7.962499856948852539e-01
7.950000166893005371e-01
5.862500071525573730e-01
5.730000138282775879e-01
5.809999704360961914e-01
5.807499885559082031e-01
5.795000195503234863e-01
5.809999704360961914e-01
5.827500224113464355e-01
5.822499990463256836e-01
5.879999995231628418e-01
5.910000205039978027e-01
5.917500257492065430e-01
5.942500233650207520e-01
5.962499976158142090e-01
inf
inf
inf
inf
inf
inf
inf
inf
inf
inf
inf
inf
inf
inf
inf
inf
inf
inf
inf
inf
inf
inf
7.375000119209289551e-01
inf
9.517499804496765137e-01
9.620000123977661133e-01
