inf
inf
inf
inf
4.358749866485595703e+00
1.555500030517578125e+00
1.463750004768371582e+00
1.383249998092651367e+00
1.321499943733215332e+00
1.335999965667724609e+00
1.337249994277954102e+00
1.342499971389770508e+00
inf
1.349750041961669922e+00
1.360000014305114746e+00
1.373749971389770508e+00
1.384250044822692871e+00
1.399500012397766113e+00
1.404999971389770508e+00
1.409250020980834961e+00
1.431499958038330078e+00
1.439000010490417480e+00
1.451249957084655762e+00
1.463250041007995605e+00
1.476250052452087402e+00
1.505249977111816406e+00
1.498749971389770508e+00
1.457249999046325684e+00
1.418249964714050293e+00
1.390750050544738770e+00
1.336249947547912598e+00
1.320749998092651367e+00
1.305500030517578125e+00
6.512500047683715820e-01
inf
6.359999775886535645e-01
inf
6.570000052452087402e-01
1.093500018119812012e+00
1.096500039100646973e+00
1.082749962806701660e+00
1.072499990463256836e+00
1.070999979972839355e+00
1.023249983787536621e+00
1.010750055313110352e+00
1.001749992370605469e+00
inf
9.769999980926513672e-01
9.595000147819519043e-01
9.487500190734863281e-01
9.369999766349792480e-01
9.279999732971191406e-01
9.097499847412109375e-01
9.004999995231628418e-01
8.917499780654907227e-01
8.847500085830688477e-01
8.757500052452087402e-01
8.665000200271606445e-01
8.552500009536743164e-01
8.470000028610229492e-01
8.420000076293945312e-01
8.370000123977661133e-01
8.305000066757202148e-01
8.209999799728393555e-01
8.157500028610229492e-01
8.112499713897705078e-01
8.072500228881835938e-01
7.990000247955322266e-01
7.940000295639038086e-01
7.917500138282775879e-01
7.887499928474426270e-01
8.209999799728393555e-01
8.247500061988830566e-01
8.202499747276306152e-01
8.180000185966491699e-01
8.147500157356262207e-01
8.090000152587890625e-01
8.067499995231628418e-01
8.067499995231628418e-01
8.037499785423278809e-01
8.009999990463256836e-01
7.979999780654907227e-01
7.987499833106994629e-01
inf
5.762500166893005371e-01
5.979999899864196777e-01
5.805000066757202148e-01
5.812500119209289551e-01
5.822499990463256836e-01
5.827500224113464355e-01
5.830000042915344238e-01
5.957499742507934570e-01
5.910000205039978027e-01
5.939999818801879883e-01
5.962499976158142090e-01
6.007500290870666504e-01
inf
inf
inf
inf
inf
inf
inf
inf
inf
inf
inf
inf
inf
inf
inf
inf
inf
inf
inf
inf
inf
inf
inf
inf
