1.265499949455261230e+00
1.235749959945678711e+00
1.209249973297119141e+00
1.188750028610229492e+00
1.141000032424926758e+00
1.116999983787536621e+00
1.097499966621398926e+00
1.077000021934509277e+00
1.057500004768371582e+00
1.037500023841857910e+00
1.002750039100646973e+00
9.869999885559082031e-01
9.712499976158142090e-01
9.399999976158142090e-01
9.269999861717224121e-01
9.107499718666076660e-01
8.967499732971191406e-01
8.705000281333923340e-01
8.590000271797180176e-01
8.479999899864196777e-01
8.377500176429748535e-01
8.284999728202819824e-01
8.117499947547912598e-01
7.994999885559082031e-01
7.922499775886535645e-01
7.835000157356262207e-01
7.680000066757202148e-01
7.835000157356262207e-01
8.007500171661376953e-01
7.990000247955322266e-01
7.922499775886535645e-01
7.777500152587890625e-01
7.687500119209289551e-01
7.630000114440917969e-01
inf
5.137500166893005371e-01
inf
inf
inf
inf
inf
inf
inf
4.862500131130218506e-01
4.850000143051147461e-01
inf
inf
inf
6.945000290870666504e-01
6.827499866485595703e-01
inf
inf
6.747499704360961914e-01
inf
6.725000143051147461e-01
6.710000038146972656e-01
inf
inf
inf
inf
4.657500088214874268e-01
inf
inf
inf
inf
inf
inf
3.865000009536743164e-01
inf
inf
inf
inf
inf
inf
inf
inf
inf
inf
4.555000066757202148e-01
inf
4.444999992847442627e-01
4.365000128746032715e-01
4.132499992847442627e-01
4.127500057220458984e-01
inf
inf
3.914999961853027344e-01
inf
3.792499899864196777e-01
3.792499899864196777e-01
3.737500011920928955e-01
3.670000135898590088e-01
3.600000143051147461e-01
3.592500090599060059e-01
inf
3.497500121593475342e-01
3.442499935626983643e-01
3.379999995231628418e-01
3.332499861717224121e-01
inf
3.192499876022338867e-01
3.215000033378601074e-01
3.215000033378601074e-01
3.197500109672546387e-01
3.134999871253967285e-01
3.137499988079071045e-01
3.057500123977661133e-01
3.067499995231628418e-01
3.057500123977661133e-01
2.947500050067901611e-01
3.007499873638153076e-01
3.009999990463256836e-01
2.987500131130218506e-01
2.967500090599060059e-01
2.944999933242797852e-01
inf
inf
2.877500057220458984e-01
2.872500121593475342e-01
2.837499976158142090e-01
