3.447499871253967285e-01
inf
inf
inf
4.356999874114990234e+00
1.510750055313110352e+00
1.412750005722045898e+00
1.331750035285949707e+00
1.325999975204467773e+00
1.331249952316284180e+00
1.335500001907348633e+00
1.338500022888183594e+00
1.349750041961669922e+00
1.344499945640563965e+00
1.382750034332275391e+00
1.373250007629394531e+00
1.379500031471252441e+00
1.389750003814697266e+00
1.411499977111816406e+00
1.419000029563903809e+00
1.428750038146972656e+00
1.437500000000000000e+00
1.450250029563903809e+00
1.463250041007995605e+00
1.484500050544738770e+00
1.501500010490417480e+00
1.512750029563903809e+00
1.465749979019165039e+00
1.409999966621398926e+00
6.834999918937683105e-01
6.744999885559082031e-01
6.037499904632568359e-01
1.310500025749206543e+00
inf
6.247500181198120117e-01
6.370000243186950684e-01
inf
1.160249948501586914e+00
1.093500018119812012e+00
1.097000002861022949e+00
1.089499950408935547e+00
1.072499990463256836e+00
1.071249961853027344e+00
1.020249962806701660e+00
1.011000037193298340e+00
9.990000128746032715e-01
9.832500219345092773e-01
9.772499799728393555e-01
9.617499709129333496e-01
9.502500295639038086e-01
9.412500262260437012e-01
9.312499761581420898e-01
9.112499952316284180e-01
9.012500047683715820e-01
8.937500119209289551e-01
8.849999904632568359e-01
8.777499794960021973e-01
8.627499938011169434e-01
8.547499775886535645e-01
8.485000133514404297e-01
8.429999947547912598e-01
8.367499709129333496e-01
8.252500295639038086e-01
8.215000033378601074e-01
8.162500262260437012e-01
8.142499923706054688e-01
8.034999966621398926e-01
8.000000119209289551e-01
7.944999933242797852e-01
7.940000295639038086e-01
7.889999747276306152e-01
1.100250005722045898e+00
8.252500295639038086e-01
8.212500214576721191e-01
8.177499771118164062e-01
8.152499794960021973e-01
8.080000281333923340e-01
8.082500100135803223e-01
8.059999942779541016e-01
8.012499809265136719e-01
7.987499833106994629e-01
7.994999885559082031e-01
7.975000143051147461e-01
8.082500100135803223e-01
5.757499933242797852e-01
5.812500119209289551e-01
5.817499756813049316e-01
5.809999704360961914e-01
5.809999704360961914e-01
5.832499861717224121e-01
5.837500095367431641e-01
5.957499742507934570e-01
5.910000205039978027e-01
5.939999818801879883e-01
5.952500104904174805e-01
5.962499976158142090e-01
inf
inf
inf
inf
inf
inf
inf
inf
inf
inf
inf
inf
inf
inf
inf
inf
inf
inf
inf
inf
inf
inf
inf
inf
