6.777499914169311523e-01
6.802499890327453613e-01
6.809999942779541016e-01
6.844999790191650391e-01
6.850000023841857910e-01
6.875000000000000000e-01
4.262500107288360596e-01
3.984999954700469971e-01
3.657500147819519043e-01
3.574999868869781494e-01
3.597500026226043701e-01
3.687500059604644775e-01
3.625000119209289551e-01
3.577499985694885254e-01
3.772499859333038330e-01
3.765000104904174805e-01
inf
5.450000166893005371e-01
5.425000190734863281e-01
5.367500185966491699e-01
5.235000252723693848e-01
5.310000181198120117e-01
5.302500128746032715e-01
5.227500200271606445e-01
5.207499861717224121e-01
5.147500038146972656e-01
5.092499852180480957e-01
5.044999718666076660e-01
5.019999742507934570e-01
4.950000047683715820e-01
4.897499978542327881e-01
4.872500002384185791e-01
4.852499961853027344e-01
4.777500033378601074e-01
4.695000052452087402e-01
4.704999923706054688e-01
4.737499952316284180e-01
4.777500033378601074e-01
5.339999794960021973e-01
5.414999723434448242e-01
5.517500042915344238e-01
5.512499809265136719e-01
5.590000152587890625e-01
5.642499923706054688e-01
inf
inf
inf
inf
inf
inf
inf
inf
inf
inf
inf
inf
inf
2.980000078678131104e-01
2.802500128746032715e-01
2.714999914169311523e-01
2.752499878406524658e-01
2.652499973773956299e-01
2.627499997615814209e-01
2.554999887943267822e-01
inf
2.489999979734420776e-01
2.457499951124191284e-01
inf
2.374999970197677612e-01
2.377499938011169434e-01
2.370000034570693970e-01
2.374999970197677612e-01
2.364999949932098389e-01
2.357500046491622925e-01
2.360000014305114746e-01
2.360000014305114746e-01
inf
2.347500026226043701e-01
inf
inf
inf
inf
4.797500073909759521e-01
inf
4.794999957084655762e-01
4.832499921321868896e-01
4.847500026226043701e-01
inf
3.987500071525573730e-01
3.930000066757202148e-01
3.912500143051147461e-01
3.907499909400939941e-01
3.907499909400939941e-01
3.922500014305114746e-01
3.964999914169311523e-01
4.014999866485595703e-01
4.042499959468841553e-01
4.084999859333038330e-01
4.117499887943267822e-01
4.142499864101409912e-01
4.169999957084655762e-01
4.237500131130218506e-01
4.282500147819519043e-01
inf
inf
inf
inf
9.807500243186950684e-01
9.829999804496765137e-01
9.932500123977661133e-01
9.994999766349792480e-01
1.002500057220458984e+00
1.012500047683715820e+00
1.028749942779541016e+00
1.036999940872192383e+00
1.043750047683715820e+00
1.052749991416931152e+00
1.064749956130981445e+00
1.072499990463256836e+00
1.094499945640563965e+00
