6.804999709129333496e-01
6.809999942779541016e-01
6.815000176429748535e-01
6.825000047683715820e-01
6.852499842643737793e-01
6.865000128746032715e-01
4.047499895095825195e-01
3.964999914169311523e-01
3.717499971389770508e-01
3.555000126361846924e-01
3.637500107288360596e-01
3.689999878406524658e-01
3.772499859333038330e-01
3.610000014305114746e-01
inf
3.752500116825103760e-01
inf
5.477499961853027344e-01
5.385000109672546387e-01
5.227500200271606445e-01
5.199999809265136719e-01
5.289999842643737793e-01
5.202500224113464355e-01
5.202500224113464355e-01
5.220000147819519043e-01
5.192499756813049316e-01
5.042499899864196777e-01
5.037500262260437012e-01
5.012500286102294922e-01
4.947499930858612061e-01
4.884999990463256836e-01
4.875000119209289551e-01
4.842500090599060059e-01
4.777500033378601074e-01
4.695000052452087402e-01
4.707500040531158447e-01
4.745000004768371582e-01
4.774999916553497314e-01
5.339999794960021973e-01
5.414999723434448242e-01
5.517500042915344238e-01
5.512499809265136719e-01
5.584999918937683105e-01
5.644999742507934570e-01
inf
inf
inf
inf
inf
inf
inf
inf
3.067499995231628418e-01
2.987500131130218506e-01
2.939999997615814209e-01
2.797499895095825195e-01
2.762500047683715820e-01
2.714999914169311523e-01
2.689999938011169434e-01
2.664999961853027344e-01
2.599999904632568359e-01
2.579999864101409912e-01
inf
2.565000057220458984e-01
2.529999911785125732e-01
inf
2.522499859333038330e-01
2.507500052452087402e-01
2.500000000000000000e-01
2.479999959468841553e-01
2.485000044107437134e-01
2.475000023841857910e-01
2.472500056028366089e-01
2.489999979734420776e-01
inf
2.502500116825103760e-01
2.527500092983245850e-01
2.545000016689300537e-01
inf
inf
4.312500059604644775e-01
4.300000071525573730e-01
4.297499954700469971e-01
4.230000078678131104e-01
4.219999909400939941e-01
4.214999973773956299e-01
4.192500114440917969e-01
4.169999957084655762e-01
4.180000126361846924e-01
4.169999957084655762e-01
4.177500009536743164e-01
4.187499880790710449e-01
4.197500050067901611e-01
4.225000143051147461e-01
4.242500066757202148e-01
4.264999926090240479e-01
4.269999861717224121e-01
4.300000071525573730e-01
4.337500035762786865e-01
4.365000128746032715e-01
4.412499964237213135e-01
4.447500109672546387e-01
inf
4.637500047683715820e-01
inf
inf
9.662500023841857910e-01
9.777500033378601074e-01
9.837499856948852539e-01
9.892500042915344238e-01
9.984999895095825195e-01
1.003000020980834961e+00
1.018749952316284180e+00
1.025500059127807617e+00
1.034000039100646973e+00
1.042500019073486328e+00
1.051749944686889648e+00
1.070500016212463379e+00
1.082000017166137695e+00
1.092000007629394531e+00
