7.065750122070312500e+00
inf
7.063250064849853516e+00
7.063250064849853516e+00
7.063250064849853516e+00
inf
inf
inf
inf
inf
7.068250179290771484e+00
6.910999774932861328e+00
6.910999774932861328e+00
6.910999774932861328e+00
inf
inf
inf
inf
4.313749790191650391e+00
4.305500030517578125e+00
1.511250019073486328e+00
1.355250000953674316e+00
1.360000014305114746e+00
1.362750053405761719e+00
1.368499994277954102e+00
1.369250059127807617e+00
1.373499989509582520e+00
1.379750013351440430e+00
inf
1.405750036239624023e+00
1.414999961853027344e+00
1.425500035285949707e+00
1.432999968528747559e+00
1.440500020980834961e+00
1.447749972343444824e+00
1.463500022888183594e+00
1.482750058174133301e+00
1.500249981880187988e+00
1.512500047683715820e+00
1.518249988555908203e+00
1.529250025749206543e+00
1.450250029563903809e+00
1.413249969482421875e+00
1.384250044822692871e+00
6.392499804496765137e-01
inf
6.514999866485595703e-01
inf
1.211500048637390137e+00
1.181750059127807617e+00
1.170500040054321289e+00
1.150750041007995605e+00
1.126749992370605469e+00
1.090000033378601074e+00
1.082499980926513672e+00
inf
inf
1.035249948501586914e+00
1.008749961853027344e+00
9.944999814033508301e-01
9.829999804496765137e-01
9.707499742507934570e-01
9.490000009536743164e-01
9.362499713897705078e-01
9.259999990463256836e-01
9.064999818801879883e-01
8.964999914169311523e-01
8.877500295639038086e-01
8.784999847412109375e-01
8.622499704360961914e-01
8.532500267028808594e-01
8.477500081062316895e-01
8.422499895095825195e-01
8.274999856948852539e-01
8.230000138282775879e-01
8.162500262260437012e-01
8.109999895095825195e-01
8.000000119209289551e-01
7.954999804496765137e-01
7.892500162124633789e-01
7.860000133514404297e-01
7.774999737739562988e-01
7.767500281333923340e-01
8.162500262260437012e-01
8.142499923706054688e-01
8.092499971389770508e-01
8.017500042915344238e-01
7.994999885559082031e-01
7.957500219345092773e-01
7.922499775886535645e-01
7.872499823570251465e-01
7.827500104904174805e-01
7.807499766349792480e-01
7.799999713897705078e-01
7.782499790191650391e-01
5.605000257492065430e-01
5.467500090599060059e-01
5.562499761581420898e-01
5.559999942779541016e-01
5.544999837875366211e-01
5.547500252723693848e-01
5.554999709129333496e-01
5.547500252723693848e-01
5.575000047683715820e-01
5.577499866485595703e-01
5.575000047683715820e-01
5.619999766349792480e-01
5.637500286102294922e-01
5.709999799728393555e-01
5.730000138282775879e-01
5.730000138282775879e-01
5.730000138282775879e-01
inf
inf
inf
inf
inf
inf
inf
inf
