6.804999709129333496e-01
6.807500123977661133e-01
6.812499761581420898e-01
6.819999814033508301e-01
6.850000023841857910e-01
6.984999775886535645e-01
inf
4.079999923706054688e-01
3.795000016689300537e-01
3.552500009536743164e-01
3.637500107288360596e-01
3.689999878406524658e-01
3.757500052452087402e-01
3.549999892711639404e-01
3.759999871253967285e-01
inf
5.494999885559082031e-01
5.440000295639038086e-01
5.385000109672546387e-01
5.260000228881835938e-01
5.180000066757202148e-01
5.295000076293945312e-01
5.202500224113464355e-01
5.217499732971191406e-01
5.220000147819519043e-01
5.187500119209289551e-01
5.090000033378601074e-01
5.044999718666076660e-01
4.992499947547912598e-01
4.947499930858612061e-01
4.907500147819519043e-01
4.875000119209289551e-01
4.852499961853027344e-01
4.839999973773956299e-01
4.699999988079071045e-01
4.715000092983245850e-01
4.732500016689300537e-01
4.774999916553497314e-01
5.335000157356262207e-01
inf
5.534999966621398926e-01
5.507500171661376953e-01
5.565000176429748535e-01
5.640000104904174805e-01
inf
inf
inf
inf
inf
inf
inf
inf
inf
inf
inf
inf
inf
inf
3.222500085830688477e-01
inf
inf
3.007499873638153076e-01
inf
2.865000069141387939e-01
2.775000035762786865e-01
inf
2.709999978542327881e-01
2.657499909400939941e-01
2.642500102519989014e-01
2.612499892711639404e-01
2.607499957084655762e-01
2.562499940395355225e-01
inf
2.547500133514404297e-01
inf
2.482499927282333374e-01
inf
2.469999939203262329e-01
2.462500035762786865e-01
2.477499991655349731e-01
inf
inf
inf
4.162499904632568359e-01
4.129999876022338867e-01
4.129999876022338867e-01
4.104999899864196777e-01
4.104999899864196777e-01
4.102500081062316895e-01
4.115000069141387939e-01
4.117499887943267822e-01
4.135000109672546387e-01
4.167500138282775879e-01
4.207499921321868896e-01
4.242500066757202148e-01
4.264999926090240479e-01
4.277499914169311523e-01
4.295000135898590088e-01
4.352500140666961670e-01
4.372499883174896240e-01
4.420000016689300537e-01
4.454999864101409912e-01
inf
4.729999899864196777e-01
4.665000140666961670e-01
inf
inf
9.742500185966491699e-01
9.837499856948852539e-01
9.915000200271606445e-01
9.994999766349792480e-01
1.003000020980834961e+00
1.013499975204467773e+00
1.028749942779541016e+00
1.036999940872192383e+00
1.045750021934509277e+00
1.053249955177307129e+00
1.062999963760375977e+00
1.083999991416931152e+00
1.091249942779541016e+00
