4.361999988555908203e+00
4.469250202178955078e+00
4.413249969482421875e+00
4.363749980926513672e+00
4.472000122070312500e+00
inf
inf
4.718500137329101562e+00
4.657249927520751953e+00
4.656250000000000000e+00
4.650249958038330078e+00
4.591000080108642578e+00
4.590250015258789062e+00
4.531750202178955078e+00
4.476500034332275391e+00
4.472000122070312500e+00
4.469250202178955078e+00
4.466499805450439453e+00
4.461999893188476562e+00
4.412250041961669922e+00
4.456749916076660156e+00
4.408750057220458984e+00
4.408750057220458984e+00
4.408750057220458984e+00
4.411499977111816406e+00
inf
7.958250045776367188e+00
7.958250045776367188e+00
7.958250045776367188e+00
7.958250045776367188e+00
7.958250045776367188e+00
7.958250045776367188e+00
7.958250045776367188e+00
7.776999950408935547e+00
7.770999908447265625e+00
7.958250045776367188e+00
7.958250045776367188e+00
7.958250045776367188e+00
7.958250045776367188e+00
7.958250045776367188e+00
7.958250045776367188e+00
inf
inf
4.653250217437744141e+00
4.535250186920166016e+00
4.593999862670898438e+00
4.654250144958496094e+00
4.654250144958496094e+00
4.653250217437744141e+00
4.717500209808349609e+00
1.863749980926513672e+00
1.797000050544738770e+00
1.669499993324279785e+00
1.636749982833862305e+00
1.651000022888183594e+00
1.657750010490417480e+00
1.667999982833862305e+00
1.683249950408935547e+00
1.708999991416931152e+00
1.720499992370605469e+00
1.733500003814697266e+00
1.745499968528747559e+00
1.761250019073486328e+00
1.787999987602233887e+00
1.805750012397766113e+00
1.827499985694885254e+00
1.850000023841857910e+00
1.865249991416931152e+00
1.820999979972839355e+00
1.789000034332275391e+00
1.750000000000000000e+00
1.725999951362609863e+00
1.667250037193298340e+00
1.637249946594238281e+00
1.611750006675720215e+00
1.591249942779541016e+00
1.565000057220458984e+00
1.519250035285949707e+00
1.498250007629394531e+00
1.475499987602233887e+00
1.439000010490417480e+00
1.419999957084655762e+00
1.401999950408935547e+00
1.385750055313110352e+00
1.357499957084655762e+00
1.341500043869018555e+00
1.330000042915344238e+00
1.315500020980834961e+00
1.302749991416931152e+00
1.276000022888183594e+00
1.265750050544738770e+00
1.253499984741210938e+00
1.240499973297119141e+00
1.220000028610229492e+00
1.213999986648559570e+00
1.208750009536743164e+00
1.195999979972839355e+00
1.192250013351440430e+00
1.177500009536743164e+00
1.168499946594238281e+00
1.182999968528747559e+00
1.199000000953674316e+00
1.187999963760375977e+00
1.177999973297119141e+00
1.173249959945678711e+00
1.167750000953674316e+00
1.161249995231628418e+00
9.405000209808349609e-01
inf
9.344999790191650391e-01
inf
9.344999790191650391e-01
9.369999766349792480e-01
9.342499971389770508e-01
9.287499785423278809e-01
9.252499938011169434e-01
9.160000085830688477e-01
9.110000133514404297e-01
9.112499952316284180e-01
9.095000028610229492e-01
