4.356999874114990234e+00
4.312250137329101562e+00
4.317999839782714844e+00
1.517750024795532227e+00
1.436249971389770508e+00
1.353999972343444824e+00
1.330500006675720215e+00
1.332249999046325684e+00
1.336500048637390137e+00
1.342499971389770508e+00
1.326750040054321289e+00
1.349750041961669922e+00
inf
1.377249956130981445e+00
inf
1.807499974966049194e-01
1.829999983310699463e-01
1.407750010490417480e+00
1.420750021934509277e+00
1.433249950408935547e+00
1.445500016212463379e+00
1.469750046730041504e+00
1.667499989271163940e-01
inf
inf
inf
inf
inf
inf
6.209999918937683105e-01
6.157500147819519043e-01
1.185000017285346985e-01
1.241250038146972656e+00
1.215000003576278687e-01
inf
1.142249941825866699e+00
1.142249941825866699e+00
1.093000054359436035e+00
1.076249957084655762e+00
1.072000026702880859e+00
inf
inf
1.022500038146972656e+00
1.001749992370605469e+00
9.797499775886535645e-01
9.704999923706054688e-01
9.589999914169311523e-01
9.487500190734863281e-01
9.387500286102294922e-01
9.219999909400939941e-01
9.110000133514404297e-01
9.010000228881835938e-01
8.870000243186950684e-01
8.767499923706054688e-01
8.700000047683715820e-01
8.627499938011169434e-01
8.560000061988830566e-01
8.437500000000000000e-01
8.377500176429748535e-01
8.342499732971191406e-01
8.282499909400939941e-01
8.172500133514404297e-01
8.132500052452087402e-01
8.092499971389770508e-01
8.004999756813049316e-01
7.992500066757202148e-01
7.929999828338623047e-01
7.902500033378601074e-01
8.190000057220458984e-01
8.257499933242797852e-01
8.232499957084655762e-01
8.202499747276306152e-01
8.172500133514404297e-01
8.112499713897705078e-01
8.090000152587890625e-01
8.057500123977661133e-01
8.050000071525573730e-01
8.000000119209289551e-01
8.017500042915344238e-01
7.962499856948852539e-01
7.944999933242797852e-01
5.852500200271606445e-01
5.730000138282775879e-01
5.795000195503234863e-01
5.795000195503234863e-01
5.792499780654907227e-01
5.812500119209289551e-01
5.812500119209289551e-01
5.832499861717224121e-01
5.852500200271606445e-01
5.910000205039978027e-01
5.939999818801879883e-01
5.942500233650207520e-01
5.962499976158142090e-01
inf
inf
inf
inf
inf
inf
inf
inf
inf
inf
inf
inf
inf
inf
inf
inf
inf
inf
inf
inf
inf
inf
6.997500061988830566e-01
inf
9.547500014305114746e-01
9.679999947547912598e-01
