inf
2.562499940395355225e-01
2.579999864101409912e-01
2.617500126361846924e-01
2.685000002384185791e-01
2.812500000000000000e-01
inf
3.005000054836273193e-01
3.027499914169311523e-01
inf
inf
inf
inf
1.348749995231628418e+00
1.377750039100646973e+00
1.374750018119812012e+00
1.388000011444091797e+00
1.394999980926513672e+00
1.405750036239624023e+00
1.423499941825866699e+00
1.432500004768371582e+00
1.443500041961669922e+00
1.452250003814697266e+00
1.468750000000000000e+00
1.477499961853027344e+00
1.504750013351440430e+00
1.476750016212463379e+00
6.715000271797180176e-01
1.386749982833862305e+00
1.362249970436096191e+00
1.331750035285949707e+00
1.316499948501586914e+00
1.295750021934509277e+00
1.236999988555908203e+00
inf
6.342499852180480957e-01
inf
6.477500200271606445e-01
1.126500010490417480e+00
1.097000002861022949e+00
1.082999944686889648e+00
1.072000026702880859e+00
1.070999979972839355e+00
1.014250040054321289e+00
1.010750055313110352e+00
9.987499713897705078e-01
1.003999948501586914e+00
9.707499742507934570e-01
9.585000276565551758e-01
9.487500190734863281e-01
9.384999871253967285e-01
9.190000295639038086e-01
9.104999899864196777e-01
8.985000252723693848e-01
8.895000219345092773e-01
8.842499852180480957e-01
8.669999837875366211e-01
8.610000014305114746e-01
8.532500267028808594e-01
8.479999899864196777e-01
8.429999947547912598e-01
8.312500119209289551e-01
8.252500295639038086e-01
8.190000057220458984e-01
8.147500157356262207e-01
8.065000176429748535e-01
8.025000095367431641e-01
7.992500066757202148e-01
7.944999933242797852e-01
7.902500033378601074e-01
8.140000104904174805e-01
8.272500038146972656e-01
8.245000243186950684e-01
8.207499980926513672e-01
8.165000081062316895e-01
8.122500181198120117e-01
8.082500100135803223e-01
8.067499995231628418e-01
8.050000071525573730e-01
8.007500171661376953e-01
7.992500066757202148e-01
7.985000014305114746e-01
7.960000038146972656e-01
8.050000071525573730e-01
5.787500143051147461e-01
5.797500014305114746e-01
5.805000066757202148e-01
5.797500014305114746e-01
5.795000195503234863e-01
5.809999704360961914e-01
5.907499790191650391e-01
5.910000205039978027e-01
5.912500023841857910e-01
5.939999818801879883e-01
5.952500104904174805e-01
inf
inf
inf
inf
inf
inf
inf
inf
inf
inf
inf
inf
inf
inf
inf
inf
inf
inf
inf
inf
inf
inf
inf
6.962500214576721191e-01
inf
