inf
1.944999992847442627e-01
1.967500001192092896e-01
inf
inf
1.497499942779541016e-01
1.404999941587448120e-01
inf
1.457500010728836060e-01
1.562500000000000000e-01
1.477500051259994507e-01
1.455000042915344238e-01
1.435000002384185791e-01
1.412499994039535522e-01
1.400000005960464478e-01
1.344999969005584717e-01
inf
1.334999948740005493e-01
1.307500004768371582e-01
1.289999932050704956e-01
1.284999996423721313e-01
1.280000060796737671e-01
1.280000060796737671e-01
1.280000060796737671e-01
1.272500008344650269e-01
1.597499996423721313e-01
1.615000069141387939e-01
inf
inf
inf
inf
inf
inf
inf
1.196750044822692871e+00
1.184749960899353027e+00
1.157750010490417480e+00
1.096750020980834961e+00
1.086750030517578125e+00
1.092749953269958496e+00
1.072749972343444824e+00
1.061499953269958496e+00
1.020249962806701660e+00
1.011250019073486328e+00
1.004999995231628418e+00
9.955000281333923340e-01
9.557499885559082031e-01
9.652500152587890625e-01
9.545000195503234863e-01
9.462500214576721191e-01
9.250000119209289551e-01
9.144999980926513672e-01
9.045000076293945312e-01
8.987500071525573730e-01
8.809999823570251465e-01
8.709999918937683105e-01
8.662499785423278809e-01
8.604999780654907227e-01
8.525000214576721191e-01
8.399999737739562988e-01
8.330000042915344238e-01
8.270000219345092773e-01
8.245000243186950684e-01
8.140000104904174805e-01
8.092499971389770508e-01
8.050000071525573730e-01
8.017500042915344238e-01
7.957500219345092773e-01
7.904999852180480957e-01
7.875000238418579102e-01
8.312500119209289551e-01
8.267499804496765137e-01
8.205000162124633789e-01
8.172500133514404297e-01
8.125000000000000000e-01
8.112499713897705078e-01
8.069999814033508301e-01
8.050000071525573730e-01
8.032500147819519043e-01
8.002499938011169434e-01
7.960000038146972656e-01
7.969999909400939941e-01
inf
5.737500190734863281e-01
5.855000019073486328e-01
5.809999704360961914e-01
5.807499885559082031e-01
5.814999938011169434e-01
5.820000171661376953e-01
5.824999809265136719e-01
5.907499790191650391e-01
5.910000205039978027e-01
5.929999947547912598e-01
5.962499976158142090e-01
5.962499976158142090e-01
inf
inf
inf
inf
inf
inf
inf
inf
inf
inf
inf
inf
inf
inf
inf
inf
inf
inf
inf
inf
inf
inf
7.127500176429748535e-01
inf
9.555000066757202148e-01
