6.804999709129333496e-01
6.802499890327453613e-01
6.812499761581420898e-01
6.819999814033508301e-01
6.852499842643737793e-01
6.995000243186950684e-01
4.050000011920928955e-01
3.967500030994415283e-01
3.717499971389770508e-01
3.602499961853027344e-01
3.637500107288360596e-01
3.692499995231628418e-01
3.765000104904174805e-01
3.605000078678131104e-01
3.555000126361846924e-01
inf
inf
5.504999756813049316e-01
5.422499775886535645e-01
5.222499966621398926e-01
5.199999809265136719e-01
5.325000286102294922e-01
5.287500023841857910e-01
5.207499861717224121e-01
5.217499732971191406e-01
5.189999938011169434e-01
5.102499723434448242e-01
5.037500262260437012e-01
4.972499907016754150e-01
4.954999983310699463e-01
4.937500059604644775e-01
4.884999990463256836e-01
4.839999973773956299e-01
4.749999940395355225e-01
4.737499952316284180e-01
4.722500145435333252e-01
4.747500121593475342e-01
4.747500121593475342e-01
5.372499823570251465e-01
5.494999885559082031e-01
inf
5.504999756813049316e-01
5.532500147819519043e-01
5.627499818801879883e-01
inf
inf
inf
inf
inf
inf
inf
inf
inf
inf
inf
inf
inf
inf
inf
inf
inf
inf
3.204999864101409912e-01
inf
3.005000054836273193e-01
2.779999971389770508e-01
2.764999866485595703e-01
2.727499902248382568e-01
inf
2.647500038146972656e-01
inf
2.630000114440917969e-01
2.607499957084655762e-01
2.562499940395355225e-01
2.567499876022338867e-01
2.567499876022338867e-01
2.597500085830688477e-01
2.587499916553497314e-01
inf
inf
inf
4.339999854564666748e-01
4.235000014305114746e-01
4.214999973773956299e-01
4.197500050067901611e-01
4.192500114440917969e-01
4.185000061988830566e-01
4.144999980926513672e-01
4.144999980926513672e-01
4.144999980926513672e-01
4.182499945163726807e-01
4.192500114440917969e-01
4.202499985694885254e-01
4.237500131130218506e-01
4.262500107288360596e-01
4.309999942779541016e-01
4.325000047683715820e-01
4.350000023841857910e-01
4.367499947547912598e-01
4.395000040531158447e-01
4.457499980926513672e-01
inf
inf
4.625000059604644775e-01
4.639999866485595703e-01
4.729999899864196777e-01
inf
9.789999723434448242e-01
9.822499752044677734e-01
9.877499938011169434e-01
9.950000047683715820e-01
1.011749982833862305e+00
1.015750050544738770e+00
1.025750041007995605e+00
1.034000039100646973e+00
1.042500019073486328e+00
1.049499988555908203e+00
1.069749951362609863e+00
1.079499959945678711e+00
1.090999960899353027e+00
