1.490000009536743164e+00
1.374500036239624023e+00
1.379250049591064453e+00
1.389250040054321289e+00
1.396499991416931152e+00
1.405249953269958496e+00
1.422500014305114746e+00
1.427250027656555176e+00
1.438750028610229492e+00
1.445500016212463379e+00
1.458250045776367188e+00
1.474499940872192383e+00
1.483500003814697266e+00
1.510499954223632812e+00
1.521250009536743164e+00
1.540249943733215332e+00
1.554999947547912598e+00
1.565500020980834961e+00
1.598000049591064453e+00
1.555500030517578125e+00
1.520499944686889648e+00
1.490749955177307129e+00
1.463999986648559570e+00
1.412500023841857910e+00
1.386000037193298340e+00
1.366500020027160645e+00
1.342749953269958496e+00
1.322999954223632812e+00
1.279749989509582520e+00
1.260499954223632812e+00
1.241250038146972656e+00
1.224499940872192383e+00
1.213500022888183594e+00
1.181750059127807617e+00
1.167999982833862305e+00
1.156250000000000000e+00
1.137750029563903809e+00
1.123999953269958496e+00
1.100250005722045898e+00
1.091500043869018555e+00
1.080000042915344238e+00
1.070250034332275391e+00
1.050250053405761719e+00
1.040500044822692871e+00
1.031999945640563965e+00
1.023499965667724609e+00
1.016499996185302734e+00
9.992499947547912598e-01
9.917500019073486328e-01
9.844999909400939941e-01
9.769999980926513672e-01
9.722499847412109375e-01
9.582499861717224121e-01
9.520000219345092773e-01
9.467499852180480957e-01
9.440000057220458984e-01
9.380000233650207520e-01
9.294999837875366211e-01
9.229999780654907227e-01
9.212499856948852539e-01
9.175000190734863281e-01
9.627500176429748535e-01
9.514999985694885254e-01
9.492499828338623047e-01
9.445000290870666504e-01
9.409999847412109375e-01
9.399999976158142090e-01
9.355000257492065430e-01
9.322500228881835938e-01
9.319999814033508301e-01
9.282500147819519043e-01
9.267500042915344238e-01
7.135000228881835938e-01
7.059999704360961914e-01
7.024999856948852539e-01
7.042499780654907227e-01
7.042499780654907227e-01
7.067499756813049316e-01
7.179999947547912598e-01
7.185000181198120117e-01
7.147499918937683105e-01
7.200000286102294922e-01
7.250000238418579102e-01
7.250000238418579102e-01
inf
inf
inf
inf
inf
inf
inf
inf
inf
inf
inf
inf
inf
inf
inf
inf
inf
inf
inf
1.040750026702880859e+00
1.046249985694885254e+00
1.053750038146972656e+00
1.070749998092651367e+00
1.080999970436096191e+00
1.092000007629394531e+00
1.098000049591064453e+00
1.096750020980834961e+00
1.130749940872192383e+00
1.083250045776367188e+00
1.051749944686889648e+00
1.003749966621398926e+00
9.177500009536743164e-01
8.737499713897705078e-01
8.512499928474426270e-01
8.512499928474426270e-01
inf
