5.575000047683715820e-01
5.612499713897705078e-01
5.612499713897705078e-01
5.497499704360961914e-01
5.590000152587890625e-01
5.515000224113464355e-01
5.475000143051147461e-01
5.447499752044677734e-01
5.452499985694885254e-01
5.450000166893005371e-01
5.447499752044677734e-01
5.462499856948852539e-01
5.479999780654907227e-01
5.479999780654907227e-01
5.477499961853027344e-01
5.575000047683715820e-01
5.572500228881835938e-01
5.592499971389770508e-01
5.575000047683715820e-01
inf
inf
inf
inf
inf
inf
inf
inf
inf
inf
inf
inf
inf
inf
inf
inf
inf
inf
inf
inf
inf
inf
inf
inf
inf
inf
inf
inf
inf
inf
inf
inf
inf
inf
inf
inf
inf
inf
inf
inf
inf
inf
inf
inf
inf
inf
inf
inf
inf
inf
inf
inf
inf
inf
inf
inf
inf
inf
inf
inf
inf
inf
inf
inf
inf
inf
inf
inf
inf
inf
inf
inf
inf
inf
inf
inf
inf
inf
inf
inf
inf
inf
inf
inf
inf
inf
inf
inf
inf
inf
inf
inf
inf
inf
inf
inf
inf
9.402499794960021973e-01
9.327499866485595703e-01
9.402499794960021973e-01
inf
