6.800000071525573730e-01
6.802499890327453613e-01
6.819999814033508301e-01
6.830000281333923340e-01
6.844999790191650391e-01
6.865000128746032715e-01
inf
3.964999914169311523e-01
3.684999942779541016e-01
3.585000038146972656e-01
3.639999926090240479e-01
3.687500059604644775e-01
3.750000000000000000e-01
3.600000143051147461e-01
3.670000135898590088e-01
3.737500011920928955e-01
inf
5.477499961853027344e-01
5.440000295639038086e-01
5.220000147819519043e-01
5.207499861717224121e-01
5.295000076293945312e-01
5.270000100135803223e-01
5.197499990463256836e-01
5.217499732971191406e-01
5.182499885559082031e-01
5.099999904632568359e-01
5.000000000000000000e-01
4.972499907016754150e-01
4.959999918937683105e-01
4.914999902248382568e-01
4.867500066757202148e-01
4.802500009536743164e-01
4.749999940395355225e-01
4.737499952316284180e-01
4.724999964237213135e-01
4.747500121593475342e-01
4.747500121593475342e-01
5.372499823570251465e-01
5.479999780654907227e-01
inf
5.504999756813049316e-01
5.527499914169311523e-01
5.627499818801879883e-01
5.742499828338623047e-01
inf
inf
inf
inf
inf
inf
inf
inf
inf
inf
inf
inf
2.944999933242797852e-01
inf
2.802500128746032715e-01
2.687500119209289551e-01
2.572500109672546387e-01
2.637499868869781494e-01
2.552500069141387939e-01
2.500000000000000000e-01
2.477499991655349731e-01
2.450000047683715820e-01
2.422499954700469971e-01
2.370000034570693970e-01
inf
2.367500066757202148e-01
2.367500066757202148e-01
2.357500046491622925e-01
inf
2.322500050067901611e-01
2.337500005960464478e-01
inf
2.347500026226043701e-01
inf
inf
inf
inf
inf
4.805000126361846924e-01
inf
4.817500114440917969e-01
4.817500114440917969e-01
inf
3.989999890327453613e-01
3.919999897480010986e-01
3.910000026226043701e-01
3.902499973773956299e-01
3.907499909400939941e-01
3.919999897480010986e-01
3.977499902248382568e-01
4.004999995231628418e-01
4.042499959468841553e-01
4.079999923706054688e-01
4.120000004768371582e-01
4.142499864101409912e-01
4.172500073909759521e-01
4.227499961853027344e-01
4.277499914169311523e-01
4.444999992847442627e-01
inf
inf
inf
9.794999957084655762e-01
9.825000166893005371e-01
9.887499809265136719e-01
9.977499842643737793e-01
1.002500057220458984e+00
1.020249962806701660e+00
1.026000022888183594e+00
1.034250020980834961e+00
1.042250037193298340e+00
1.051749944686889648e+00
1.060750007629394531e+00
1.080250024795532227e+00
1.090999960899353027e+00
