1.289250016212463379e+00
1.228500008583068848e+00
1.206750035285949707e+00
1.181499958038330078e+00
1.156749963760375977e+00
1.110249996185302734e+00
1.090000033378601074e+00
1.071499943733215332e+00
1.052749991416931152e+00
1.032999992370605469e+00
1.015499949455261230e+00
9.812499880790710449e-01
9.674999713897705078e-01
9.474999904632568359e-01
9.342499971389770508e-01
9.062500000000000000e-01
8.927500247955322266e-01
8.790000081062316895e-01
8.644999861717224121e-01
8.439999818801879883e-01
8.347499966621398926e-01
8.240000009536743164e-01
8.152499794960021973e-01
7.977499961853027344e-01
7.879999876022338867e-01
7.797499895095825195e-01
7.727500200271606445e-01
7.767500281333923340e-01
7.907500267028808594e-01
7.954999804496765137e-01
7.879999876022338867e-01
7.792500257492065430e-01
7.737500071525573730e-01
7.667499780654907227e-01
inf
5.072500109672546387e-01
4.850000143051147461e-01
inf
inf
inf
inf
inf
inf
inf
4.855000078678131104e-01
inf
inf
inf
inf
6.847500205039978027e-01
6.794999837875366211e-01
inf
6.747499704360961914e-01
inf
6.792500019073486328e-01
6.712499856948852539e-01
inf
inf
inf
5.575000047683715820e-01
inf
inf
inf
4.230000078678131104e-01
inf
inf
inf
3.869999945163726807e-01
inf
inf
inf
inf
inf
inf
inf
inf
inf
inf
inf
inf
4.449999928474426270e-01
4.365000128746032715e-01
4.182499945163726807e-01
4.167500138282775879e-01
4.037500023841857910e-01
inf
inf
inf
inf
inf
3.697499930858612061e-01
3.607499897480010986e-01
3.600000143051147461e-01
3.562499880790710449e-01
3.499999940395355225e-01
3.497500121593475342e-01
3.447499871253967285e-01
3.382500112056732178e-01
3.379999995231628418e-01
inf
inf
3.172500133514404297e-01
3.215000033378601074e-01
3.197500109672546387e-01
3.165000081062316895e-01
3.160000145435333252e-01
3.134999871253967285e-01
3.067499995231628418e-01
3.064999878406524658e-01
3.057500123977661133e-01
3.012500107288360596e-01
3.007499873638153076e-01
2.877500057220458984e-01
2.967500090599060059e-01
2.949999868869781494e-01
inf
2.812500000000000000e-01
2.910000085830688477e-01
2.910000085830688477e-01
2.832500040531158447e-01
