6.800000071525573730e-01
6.797500252723693848e-01
6.804999709129333496e-01
6.830000281333923340e-01
6.837499737739562988e-01
6.980000138282775879e-01
4.090000092983245850e-01
3.975000083446502686e-01
3.840000033378601074e-01
3.612500131130218506e-01
3.639999926090240479e-01
3.689999878406524658e-01
3.774999976158142090e-01
3.549999892711639404e-01
inf
3.762499988079071045e-01
5.494999885559082031e-01
5.440000295639038086e-01
5.385000109672546387e-01
5.370000004768371582e-01
5.202500224113464355e-01
5.310000181198120117e-01
5.202500224113464355e-01
5.222499966621398926e-01
5.222499966621398926e-01
5.207499861717224121e-01
5.080000162124633789e-01
5.044999718666076660e-01
5.005000233650207520e-01
4.947499930858612061e-01
4.942499995231628418e-01
4.932500123977661133e-01
4.842500090599060059e-01
4.782499969005584717e-01
4.812499880790710449e-01
4.715000092983245850e-01
4.740000069141387939e-01
4.769999980926513672e-01
5.362499952316284180e-01
5.417500138282775879e-01
5.410000085830688477e-01
5.512499809265136719e-01
5.590000152587890625e-01
5.642499923706054688e-01
inf
inf
inf
inf
inf
inf
inf
inf
inf
inf
inf
inf
inf
2.847500145435333252e-01
2.820000052452087402e-01
2.779999971389770508e-01
2.677499949932098389e-01
2.632499933242797852e-01
2.587499916553497314e-01
2.565000057220458984e-01
2.535000145435333252e-01
2.515000104904174805e-01
2.442499995231628418e-01
2.409999966621398926e-01
inf
2.405000030994415283e-01
2.387499958276748657e-01
inf
2.370000034570693970e-01
2.367500066757202148e-01
2.364999949932098389e-01
inf
2.382500022649765015e-01
inf
inf
inf
inf
inf
inf
4.782499969005584717e-01
4.777500033378601074e-01
4.817500114440917969e-01
4.847500026226043701e-01
inf
3.972499966621398926e-01
3.930000066757202148e-01
3.914999961853027344e-01
3.905000090599060059e-01
3.912500143051147461e-01
3.925000131130218506e-01
3.944999873638153076e-01
3.977499902248382568e-01
inf
4.054999947547912598e-01
4.122500121593475342e-01
4.149999916553497314e-01
4.187499880790710449e-01
4.239999949932098389e-01
4.280000030994415283e-01
inf
inf
inf
inf
9.792500138282775879e-01
9.837499856948852539e-01
9.934999942779541016e-01
9.994999766349792480e-01
1.002750039100646973e+00
1.012249946594238281e+00
1.028499960899353027e+00
1.036999940872192383e+00
1.043499946594238281e+00
1.053249955177307129e+00
1.062999963760375977e+00
1.072000026702880859e+00
1.091500043869018555e+00
