1.489750027656555176e+00
1.502500057220458984e+00
1.517750024795532227e+00
1.534999966621398926e+00
1.556249976158142090e+00
1.572000026702880859e+00
1.587000012397766113e+00
1.604750037193298340e+00
1.621500015258789062e+00
1.555999994277954102e+00
1.527250051498413086e+00
1.490000009536743164e+00
1.462249994277954102e+00
1.433750033378601074e+00
1.386250019073486328e+00
1.363250017166137695e+00
1.343000054359436035e+00
1.325749993324279785e+00
1.300750017166137695e+00
1.266000032424926758e+00
1.245749950408935547e+00
1.229500055313110352e+00
1.216249942779541016e+00
1.199499964714050293e+00
1.174999952316284180e+00
1.154250025749206543e+00
1.146000027656555176e+00
1.131500005722045898e+00
1.119500041007995605e+00
1.097749948501586914e+00
1.092000007629394531e+00
1.079499959945678711e+00
1.071249961853027344e+00
1.055500030517578125e+00
1.047500014305114746e+00
1.039499998092651367e+00
1.032750010490417480e+00
1.026250004768371582e+00
1.017249941825866699e+00
1.001999974250793457e+00
9.987499713897705078e-01
9.890000224113464355e-01
9.860000014305114746e-01
9.792500138282775879e-01
9.657499790191650391e-01
9.620000123977661133e-01
9.592499732971191406e-01
9.547500014305114746e-01
9.495000243186950684e-01
9.942499995231628418e-01
9.860000014305114746e-01
9.812499880790710449e-01
9.775000214576721191e-01
9.750000238418579102e-01
9.725000262260437012e-01
9.657499790191650391e-01
9.639999866485595703e-01
9.607499837875366211e-01
9.605000019073486328e-01
9.567499756813049316e-01
7.394999861717224121e-01
7.264999747276306152e-01
7.400000095367431641e-01
7.304999828338623047e-01
7.317500114440917969e-01
7.327499985694885254e-01
7.347499728202819824e-01
7.367500066757202148e-01
7.375000119209289551e-01
7.404999732971191406e-01
7.437499761581420898e-01
7.502499818801879883e-01
7.540000081062316895e-01
7.597500085830688477e-01
7.597500085830688477e-01
inf
inf
inf
inf
inf
inf
inf
inf
inf
inf
inf
inf
inf
inf
inf
inf
1.063500046730041504e+00
1.067749977111816406e+00
1.089750051498413086e+00
1.092749953269958496e+00
1.101999998092651367e+00
1.111999988555908203e+00
1.120499968528747559e+00
1.134250044822692871e+00
1.159000039100646973e+00
1.119250059127807617e+00
1.075749993324279785e+00
1.020249962806701660e+00
9.430000185966491699e-01
8.924999833106994629e-01
8.824999928474426270e-01
8.842499852180480957e-01
inf
inf
inf
inf
inf
inf
inf
inf
inf
inf
inf
inf
inf
