6.807500123977661133e-01
6.812499761581420898e-01
6.817499995231628418e-01
6.825000047683715820e-01
6.852499842643737793e-01
6.984999775886535645e-01
inf
4.087499976158142090e-01
3.865000009536743164e-01
3.612500131130218506e-01
3.639999926090240479e-01
3.687500059604644775e-01
3.727500140666961670e-01
3.614999949932098389e-01
3.770000040531158447e-01
inf
inf
5.542500019073486328e-01
5.417500138282775879e-01
5.337499976158142090e-01
5.224999785423278809e-01
5.205000042915344238e-01
5.237500071525573730e-01
5.220000147819519043e-01
5.199999809265136719e-01
5.202500224113464355e-01
5.090000033378601074e-01
5.037500262260437012e-01
5.027499794960021973e-01
4.932500123977661133e-01
4.905000030994415283e-01
4.877499938011169434e-01
4.844999909400939941e-01
4.812499880790710449e-01
4.740000069141387939e-01
4.720000028610229492e-01
4.752500057220458984e-01
inf
5.339999794960021973e-01
5.500000119209289551e-01
inf
5.502499938011169434e-01
5.525000095367431641e-01
5.627499818801879883e-01
inf
inf
inf
inf
inf
inf
inf
inf
3.007499873638153076e-01
2.952499985694885254e-01
2.930000126361846924e-01
2.777499854564666748e-01
2.707499861717224121e-01
inf
2.689999938011169434e-01
inf
2.692500054836273193e-01
2.572500109672546387e-01
2.540000081062316895e-01
2.535000145435333252e-01
inf
2.512499988079071045e-01
inf
2.492499947547912598e-01
2.482499927282333374e-01
2.487500011920928955e-01
2.472500056028366089e-01
2.479999959468841553e-01
inf
inf
2.489999979734420776e-01
2.495000064373016357e-01
2.549999952316284180e-01
inf
inf
inf
4.365000128746032715e-01
4.300000071525573730e-01
4.259999990463256836e-01
4.255000054836273193e-01
4.227499961853027344e-01
4.217500090599060059e-01
4.189999997615814209e-01
4.185000061988830566e-01
4.160000085830688477e-01
4.165000021457672119e-01
4.180000126361846924e-01
4.187499880790710449e-01
4.202499985694885254e-01
4.210000038146972656e-01
4.237500131130218506e-01
4.252499938011169434e-01
4.287500083446502686e-01
4.309999942779541016e-01
4.325000047683715820e-01
4.352500140666961670e-01
4.442499876022338867e-01
4.482499957084655762e-01
inf
inf
inf
9.980000257492065430e-01
9.677500128746032715e-01
9.762499928474426270e-01
9.819999933242797852e-01
9.942499995231628418e-01
1.000000000000000000e+00
1.006999969482421875e+00
1.013499975204467773e+00
1.021749973297119141e+00
1.031000018119812012e+00
1.044749975204467773e+00
1.058249950408935547e+00
1.067000031471252441e+00
1.074499964714050293e+00
1.095749974250793457e+00
