6.787499785423278809e-01
6.809999942779541016e-01
6.809999942779541016e-01
6.830000281333923340e-01
6.847500205039978027e-01
6.869999766349792480e-01
4.102500081062316895e-01
3.989999890327453613e-01
3.634999990463256836e-01
3.567500114440917969e-01
3.642500042915344238e-01
3.692499995231628418e-01
3.722499907016754150e-01
3.567500114440917969e-01
3.770000040531158447e-01
inf
5.559999942779541016e-01
5.450000166893005371e-01
5.417500138282775879e-01
5.339999794960021973e-01
5.247499942779541016e-01
5.197499990463256836e-01
5.199999809265136719e-01
5.220000147819519043e-01
5.217499732971191406e-01
5.199999809265136719e-01
5.082499980926513672e-01
5.037500262260437012e-01
5.005000233650207520e-01
4.945000112056732178e-01
4.884999990463256836e-01
4.932500123977661133e-01
4.850000143051147461e-01
4.814999997615814209e-01
4.695000052452087402e-01
4.712499976158142090e-01
4.742499887943267822e-01
4.774999916553497314e-01
5.345000028610229492e-01
5.410000085830688477e-01
5.517500042915344238e-01
5.512499809265136719e-01
5.582500100135803223e-01
5.644999742507934570e-01
inf
inf
inf
inf
inf
inf
inf
3.149999976158142090e-01
3.064999878406524658e-01
inf
2.957499921321868896e-01
2.770000100135803223e-01
2.727499902248382568e-01
2.700000107288360596e-01
2.675000131130218506e-01
inf
2.572500109672546387e-01
2.532500028610229492e-01
2.517499923706054688e-01
2.515000104904174805e-01
2.507500052452087402e-01
inf
2.502500116825103760e-01
2.485000044107437134e-01
2.469999939203262329e-01
2.465000003576278687e-01
2.452500015497207642e-01
2.462500035762786865e-01
inf
2.457499951124191284e-01
2.482499927282333374e-01
2.500000000000000000e-01
2.515000104904174805e-01
inf
2.554999887943267822e-01
inf
inf
4.250000119209289551e-01
4.230000078678131104e-01
4.192500114440917969e-01
4.185000061988830566e-01
4.172500073909759521e-01
4.147500097751617432e-01
4.147500097751617432e-01
4.165000021457672119e-01
4.167500138282775879e-01
4.177500009536743164e-01
4.187499880790710449e-01
4.189999997615814209e-01
4.227499961853027344e-01
4.250000119209289551e-01
4.267500042915344238e-01
4.277499914169311523e-01
4.317499995231628418e-01
4.334999918937683105e-01
4.372499883174896240e-01
4.417499899864196777e-01
4.442499876022338867e-01
inf
inf
inf
inf
9.672499895095825195e-01
9.707499742507934570e-01
9.842500090599060059e-01
9.932500123977661133e-01
9.994999766349792480e-01
1.002750039100646973e+00
1.012249946594238281e+00
1.027999997138977051e+00
1.035500049591064453e+00
1.042999982833862305e+00
1.053249955177307129e+00
1.064499974250793457e+00
1.082499980926513672e+00
1.090999960899353027e+00
