1.281749963760375977e+00
1.250249981880187988e+00
1.197499990463256836e+00
1.169499993324279785e+00
1.145499944686889648e+00
1.123749971389770508e+00
1.099249958992004395e+00
1.080250024795532227e+00
1.042000055313110352e+00
1.022750020027160645e+00
1.004750013351440430e+00
9.877499938011169434e-01
9.707499742507934570e-01
9.532499909400939941e-01
9.229999780654907227e-01
9.079999923706054688e-01
8.945000171661376953e-01
8.805000185966491699e-01
8.675000071525573730e-01
8.454999923706054688e-01
8.339999914169311523e-01
8.230000138282775879e-01
8.142499923706054688e-01
8.040000200271606445e-01
7.870000004768371582e-01
7.792500257492065430e-01
7.707499861717224121e-01
7.772499918937683105e-01
7.957500219345092773e-01
7.940000295639038086e-01
7.847499847412109375e-01
7.774999737739562988e-01
7.705000042915344238e-01
7.647500038146972656e-01
inf
inf
inf
inf
inf
inf
inf
inf
inf
inf
4.850000143051147461e-01
inf
inf
inf
inf
6.832500100135803223e-01
inf
inf
6.765000224113464355e-01
inf
7.039999961853027344e-01
6.715000271797180176e-01
inf
inf
inf
inf
4.652499854564666748e-01
inf
inf
inf
inf
inf
inf
inf
inf
inf
inf
inf
inf
inf
inf
inf
inf
inf
4.555000066757202148e-01
inf
4.449999928474426270e-01
4.275000095367431641e-01
4.160000085830688477e-01
4.167500138282775879e-01
inf
inf
inf
inf
3.774999976158142090e-01
3.792499899864196777e-01
3.697499930858612061e-01
3.607499897480010986e-01
3.592500090599060059e-01
3.600000143051147461e-01
3.490000069141387939e-01
3.447499871253967285e-01
3.447499871253967285e-01
3.382500112056732178e-01
3.382500112056732178e-01
3.347499966621398926e-01
inf
3.192499876022338867e-01
3.192499876022338867e-01
3.197500109672546387e-01
inf
3.160000145435333252e-01
3.157500028610229492e-01
3.067499995231628418e-01
3.067499995231628418e-01
3.062500059604644775e-01
3.059999942779541016e-01
3.017500042915344238e-01
2.949999868869781494e-01
2.967500090599060059e-01
inf
inf
inf
2.915000021457672119e-01
2.910000085830688477e-01
2.882499992847442627e-01
