inf
inf
inf
inf
inf
inf
inf
inf
inf
inf
inf
inf
inf
inf
inf
inf
2.140000015497207642e-01
2.119999974966049194e-01
2.102500051259994507e-01
2.084999978542327881e-01
1.835000067949295044e-01
1.807499974966049194e-01
1.755000054836273193e-01
1.682499945163726807e-01
1.657499969005584717e-01
1.624999940395355225e-01
1.617500036954879761e-01
1.617500036954879761e-01
1.622499972581863403e-01
1.630000025033950806e-01
inf
1.952500045299530029e-01
1.940000057220458984e-01
1.982499957084655762e-01
1.967500001192092896e-01
inf
inf
inf
inf
inf
inf
1.067499995231628418e+00
1.054000020027160645e+00
1.042750000953674316e+00
1.029999971389770508e+00
1.008749961853027344e+00
9.992499947547912598e-01
9.872499704360961914e-01
9.772499799728393555e-01
9.587500095367431641e-01
9.492499828338623047e-01
9.417499899864196777e-01
9.350000023841857910e-01
9.244999885559082031e-01
9.112499952316284180e-01
9.032499790191650391e-01
8.982499837875366211e-01
8.895000219345092773e-01
8.827499747276306152e-01
8.719999790191650391e-01
8.659999966621398926e-01
8.612499833106994629e-01
8.544999957084655762e-01
8.477500081062316895e-01
8.442500233650207520e-01
8.397499918937683105e-01
8.377500176429748535e-01
8.765000104904174805e-01
8.715000152587890625e-01
8.675000071525573730e-01
8.644999861717224121e-01
8.590000271797180176e-01
8.552500009536743164e-01
8.517500162124633789e-01
8.492500185966491699e-01
8.477500081062316895e-01
8.424999713897705078e-01
8.427500128746032715e-01
6.197500228881835938e-01
6.134999990463256836e-01
6.184999942779541016e-01
6.187499761581420898e-01
6.184999942779541016e-01
6.184999942779541016e-01
6.209999918937683105e-01
6.200000047683715820e-01
6.215000152587890625e-01
6.222500205039978027e-01
6.280000209808349609e-01
6.380000114440917969e-01
6.382499933242797852e-01
6.382499933242797852e-01
6.382499933242797852e-01
6.397500038146972656e-01
6.397500038146972656e-01
inf
inf
inf
inf
inf
inf
inf
inf
inf
inf
inf
inf
inf
inf
inf
inf
inf
7.267500162124633789e-01
9.844999909400939941e-01
9.789999723434448242e-01
9.875000119209289551e-01
9.972500205039978027e-01
1.015750050544738770e+00
1.025750041007995605e+00
1.035249948501586914e+00
