inf
inf
inf
5.490000247955322266e-01
5.490000247955322266e-01
5.479999780654907227e-01
5.479999780654907227e-01
5.425000190734863281e-01
5.462499856948852539e-01
5.410000085830688477e-01
5.427500009536743164e-01
5.392500162124633789e-01
5.462499856948852539e-01
5.469999909400939941e-01
5.517500042915344238e-01
5.507500171661376953e-01
5.507500171661376953e-01
inf
inf
inf
inf
inf
inf
inf
inf
inf
inf
inf
7.659999728202819824e-01
7.707499861717224121e-01
7.762500047683715820e-01
7.804999947547912598e-01
7.850000262260437012e-01
7.900000214576721191e-01
7.990000247955322266e-01
inf
8.090000152587890625e-01
8.137500286102294922e-01
8.227499723434448242e-01
8.312500119209289551e-01
8.355000019073486328e-01
8.420000076293945312e-01
8.485000133514404297e-01
8.537499904632568359e-01
inf
7.465000152587890625e-01
inf
inf
5.975000262260437012e-01
5.659999847412109375e-01
5.684999823570251465e-01
5.695000290870666504e-01
5.749999880790710449e-01
inf
inf
inf
inf
inf
inf
inf
inf
inf
inf
inf
inf
inf
inf
inf
inf
inf
inf
inf
inf
inf
inf
inf
inf
inf
inf
inf
inf
inf
inf
inf
inf
8.985000252723693848e-01
8.870000243186950684e-01
8.842499852180480957e-01
8.797500133514404297e-01
8.767499923706054688e-01
8.719999790191650391e-01
8.700000047683715820e-01
8.675000071525573730e-01
8.672500252723693848e-01
8.687499761581420898e-01
8.684999942779541016e-01
inf
8.149999976158142090e-01
8.125000000000000000e-01
8.105000257492065430e-01
7.965000271797180176e-01
7.985000014305114746e-01
7.917500138282775879e-01
7.892500162124633789e-01
7.942500114440917969e-01
8.040000200271606445e-01
8.062499761581420898e-01
8.075000047683715820e-01
8.067499995231628418e-01
8.090000152587890625e-01
8.125000000000000000e-01
8.115000128746032715e-01
8.845000267028808594e-01
8.895000219345092773e-01
8.920000195503234863e-01
8.997499942779541016e-01
9.047499895095825195e-01
9.100000262260437012e-01
9.200000166893005371e-01
9.202499985694885254e-01
