6.804999709129333496e-01
6.804999709129333496e-01
6.817499995231628418e-01
6.819999814033508301e-01
6.850000023841857910e-01
6.987500190734863281e-01
4.057500064373016357e-01
3.962500095367431641e-01
3.717499971389770508e-01
3.555000126361846924e-01
3.632499873638153076e-01
3.692499995231628418e-01
3.757500052452087402e-01
3.605000078678131104e-01
3.557499945163726807e-01
3.745000064373016357e-01
inf
5.504999756813049316e-01
5.345000028610229492e-01
5.220000147819519043e-01
5.197499990463256836e-01
5.295000076293945312e-01
5.249999761581420898e-01
5.207499861717224121e-01
5.214999914169311523e-01
5.182499885559082031e-01
5.099999904632568359e-01
5.037500262260437012e-01
4.970000088214874268e-01
4.959999918937683105e-01
4.975000023841857910e-01
4.882499873638153076e-01
4.839999973773956299e-01
4.752500057220458984e-01
4.737499952316284180e-01
4.720000028610229492e-01
4.752500057220458984e-01
4.747500121593475342e-01
5.372499823570251465e-01
5.487499833106994629e-01
inf
5.504999756813049316e-01
5.525000095367431641e-01
5.732499957084655762e-01
inf
inf
inf
inf
inf
inf
inf
inf
inf
inf
3.547500073909759521e-01
inf
inf
inf
3.445000052452087402e-01
3.280000090599060059e-01
inf
inf
3.177500069141387939e-01
3.007499873638153076e-01
2.779999971389770508e-01
inf
2.840000092983245850e-01
2.797499895095825195e-01
2.759999930858612061e-01
2.697499990463256836e-01
2.689999938011169434e-01
2.622500061988830566e-01
2.622500061988830566e-01
2.702499926090240479e-01
inf
inf
inf
inf
4.595000147819519043e-01
4.715000092983245850e-01
4.452500045299530029e-01
4.302499890327453613e-01
4.262500107288360596e-01
4.242500066757202148e-01
4.237500131130218506e-01
4.217500090599060059e-01
4.194999933242797852e-01
4.185000061988830566e-01
4.185000061988830566e-01
4.192500114440917969e-01
4.192500114440917969e-01
4.197500050067901611e-01
4.207499921321868896e-01
4.235000014305114746e-01
4.250000119209289551e-01
4.267500042915344238e-01
4.314999878406524658e-01
4.332500100135803223e-01
4.347499907016754150e-01
4.375000000000000000e-01
4.402500092983245850e-01
inf
inf
inf
inf
inf
9.825000166893005371e-01
9.785000085830688477e-01
9.827499985694885254e-01
9.887499809265136719e-01
9.975000023841857910e-01
1.002500057220458984e+00
1.011749982833862305e+00
1.025500059127807617e+00
1.034250020980834961e+00
1.042250037193298340e+00
1.052999973297119141e+00
1.064249992370605469e+00
1.082499980926513672e+00
1.091500043869018555e+00
