1.277250051498413086e+00
1.248999953269958496e+00
1.214750051498413086e+00
1.169250011444091797e+00
1.149749994277954102e+00
1.120000004768371582e+00
1.098000049591064453e+00
1.077749967575073242e+00
1.058249950408935547e+00
1.019999980926513672e+00
1.002750039100646973e+00
9.850000143051147461e-01
9.682499766349792480e-01
9.522500038146972656e-01
9.225000143051147461e-01
9.085000157356262207e-01
8.924999833106994629e-01
8.794999718666076660e-01
8.652499914169311523e-01
8.454999923706054688e-01
8.335000276565551758e-01
8.227499723434448242e-01
8.137500286102294922e-01
7.960000038146972656e-01
7.867500185966491699e-01
7.792500257492065430e-01
7.707499861717224121e-01
7.785000205039978027e-01
7.954999804496765137e-01
7.929999828338623047e-01
7.847499847412109375e-01
7.785000205039978027e-01
7.697499990463256836e-01
7.655000090599060059e-01
inf
inf
inf
inf
inf
inf
inf
inf
inf
4.855000078678131104e-01
inf
inf
inf
inf
inf
6.852499842643737793e-01
6.822500228881835938e-01
inf
6.772500276565551758e-01
inf
inf
6.722499728202819824e-01
inf
inf
inf
5.575000047683715820e-01
4.637500047683715820e-01
inf
inf
inf
inf
inf
inf
inf
inf
inf
3.607499897480010986e-01
inf
inf
inf
inf
inf
inf
inf
inf
4.555000066757202148e-01
inf
4.297499954700469971e-01
4.252499938011169434e-01
4.110000133514404297e-01
inf
inf
3.914999961853027344e-01
inf
3.792499899864196777e-01
3.762499988079071045e-01
3.697499930858612061e-01
3.592500090599060059e-01
3.600000143051147461e-01
3.592500090599060059e-01
3.492499887943267822e-01
3.449999988079071045e-01
3.447499871253967285e-01
3.382500112056732178e-01
3.379999995231628418e-01
3.332499861717224121e-01
inf
3.165000081062316895e-01
3.227500021457672119e-01
inf
3.192499876022338867e-01
3.134999871253967285e-01
3.134999871253967285e-01
3.062500059604644775e-01
3.067499995231628418e-01
3.062500059604644775e-01
3.012500107288360596e-01
3.012500107288360596e-01
2.994999885559082031e-01
2.969999909400939941e-01
2.967500090599060059e-01
inf
2.907499969005584717e-01
2.912499904632568359e-01
2.912499904632568359e-01
2.872500121593475342e-01
