4.456749916076660156e+00
4.414999961853027344e+00
inf
4.783500194549560547e+00
4.719500064849853516e+00
4.717500209808349609e+00
4.715250015258789062e+00
4.652249813079833984e+00
4.593999862670898438e+00
4.592999935150146484e+00
4.536250114440917969e+00
4.533500194549560547e+00
4.480999946594238281e+00
4.475749969482421875e+00
4.469250202178955078e+00
4.469250202178955078e+00
4.467500209808349609e+00
4.415750026702880859e+00
4.415750026702880859e+00
4.414999961853027344e+00
4.413249969482421875e+00
4.409749984741210938e+00
4.470250129699707031e+00
7.958250045776367188e+00
7.958250045776367188e+00
7.958250045776367188e+00
7.958250045776367188e+00
7.958250045776367188e+00
7.958250045776367188e+00
7.958250045776367188e+00
7.958250045776367188e+00
7.958250045776367188e+00
7.958250045776367188e+00
7.958250045776367188e+00
7.958250045776367188e+00
7.958250045776367188e+00
7.958250045776367188e+00
7.958250045776367188e+00
inf
inf
inf
inf
4.653250217437744141e+00
4.715250015258789062e+00
4.718500137329101562e+00
4.721499919891357422e+00
4.783500194549560547e+00
1.864249944686889648e+00
1.789000034332275391e+00
1.731999993324279785e+00
1.674499988555908203e+00
1.682749986648559570e+00
1.689000010490417480e+00
1.704749941825866699e+00
1.720749974250793457e+00
inf
1.738499999046325684e+00
1.769749999046325684e+00
1.786999940872192383e+00
1.803750038146972656e+00
1.823750019073486328e+00
1.840250015258789062e+00
1.876500010490417480e+00
1.904500007629394531e+00
1.876999974250793457e+00
1.840000033378601074e+00
1.799250006675720215e+00
1.735000014305114746e+00
1.704499959945678711e+00
1.676749944686889648e+00
1.646999955177307129e+00
1.620749950408935547e+00
1.571750044822692871e+00
1.547749996185302734e+00
1.526499986648559570e+00
1.503999948501586914e+00
1.458750009536743164e+00
1.440750002861022949e+00
1.421749949455261230e+00
1.406749963760375977e+00
1.394000053405761719e+00
1.358999967575073242e+00
1.342749953269958496e+00
1.330500006675720215e+00
1.315999984741210938e+00
1.300500035285949707e+00
1.277250051498413086e+00
1.261999964714050293e+00
1.253499984741210938e+00
1.244250059127807617e+00
1.223250031471252441e+00
1.213750004768371582e+00
1.208250045776367188e+00
1.195999979972839355e+00
1.191499948501586914e+00
1.183750033378601074e+00
1.210749983787536621e+00
1.202999949455261230e+00
1.195999979972839355e+00
1.191750049591064453e+00
1.184749960899353027e+00
inf
9.487500190734863281e-01
inf
9.487500190734863281e-01
9.487500190734863281e-01
9.432500004768371582e-01
9.427499771118164062e-01
9.375000000000000000e-01
9.297500252723693848e-01
9.290000200271606445e-01
9.192500114440917969e-01
9.175000190734863281e-01
9.147499799728393555e-01
9.139999747276306152e-01
9.112499952316284180e-01
9.104999899864196777e-01
9.077500104904174805e-01
9.092500209808349609e-01
9.097499847412109375e-01
