4.894999861717224121e-01
inf
inf
inf
1.672000050544738770e+00
1.620249986648559570e+00
1.579499959945678711e+00
1.490249991416931152e+00
1.483000040054321289e+00
1.496500015258789062e+00
1.509750008583068848e+00
1.521250009536743164e+00
1.540249943733215332e+00
1.570999979972839355e+00
1.583999991416931152e+00
1.600749969482421875e+00
1.618999958038330078e+00
1.636500000953674316e+00
1.658499956130981445e+00
1.702250003814697266e+00
1.720999956130981445e+00
1.720749974250793457e+00
1.769999980926513672e+00
1.776499986648559570e+00
1.736999988555908203e+00
1.680750012397766113e+00
1.659250020980834961e+00
1.629999995231628418e+00
1.608999967575073242e+00
1.570250034332275391e+00
1.552500009536743164e+00
1.529000043869018555e+00
1.509500026702880859e+00
1.490749955177307129e+00
1.453250050544738770e+00
1.439000010490417480e+00
1.421249985694885254e+00
1.411249995231628418e+00
1.400249958038330078e+00
1.371250033378601074e+00
1.359500050544738770e+00
1.344249963760375977e+00
1.335749983787536621e+00
1.325500011444091797e+00
1.304000020027160645e+00
1.298750042915344238e+00
1.291249990463256836e+00
1.281749963760375977e+00
1.274749994277954102e+00
1.254999995231628418e+00
1.249250054359436035e+00
1.242750048637390137e+00
1.234750032424926758e+00
1.227749943733215332e+00
1.219249963760375977e+00
1.215250015258789062e+00
1.213000059127807617e+00
1.208999991416931152e+00
1.205749988555908203e+00
1.246000051498413086e+00
1.243499994277954102e+00
1.238999962806701660e+00
1.235499978065490723e+00
1.230999946594238281e+00
1.230999946594238281e+00
1.224750041961669922e+00
1.222749948501586914e+00
1.222499966621398926e+00
1.218999981880187988e+00
1.219750046730041504e+00
1.219499945640563965e+00
1.219499945640563965e+00
1.222749948501586914e+00
1.220499992370605469e+00
1.223250031471252441e+00
1.226250052452087402e+00
1.227749943733215332e+00
1.230999946594238281e+00
1.230999946594238281e+00
1.235999941825866699e+00
1.243000030517578125e+00
1.244500041007995605e+00
1.248749971389770508e+00
1.254250049591064453e+00
1.264000058174133301e+00
1.269999980926513672e+00
1.275750041007995605e+00
1.282250046730041504e+00
1.287500023841857910e+00
1.294000029563903809e+00
1.311750054359436035e+00
1.317250013351440430e+00
1.325749993324279785e+00
1.335500001907348633e+00
1.342249989509582520e+00
1.351999998092651367e+00
1.372750043869018555e+00
1.384750008583068848e+00
1.399749994277954102e+00
1.411249995231628418e+00
1.419000029563903809e+00
1.449499964714050293e+00
1.464499950408935547e+00
1.781499981880187988e+00
1.753250002861022949e+00
1.731750011444091797e+00
1.661499977111816406e+00
1.634250044822692871e+00
1.602749943733215332e+00
1.578999996185302734e+00
1.562500000000000000e+00
1.511500000953674316e+00
1.497249960899353027e+00
1.469499945640563965e+00
1.450999975204467773e+00
1.424999952316284180e+00
1.394000053405761719e+00
1.383249998092651367e+00
1.366250038146972656e+00
1.348749995231628418e+00
