1.282500028610229492e+00
1.250249981880187988e+00
1.199499964714050293e+00
1.177999973297119141e+00
1.155249953269958496e+00
1.128749966621398926e+00
1.087749958038330078e+00
1.071499943733215332e+00
1.052999973297119141e+00
1.033249974250793457e+00
9.967499971389770508e-01
9.837499856948852539e-01
9.695000052452087402e-01
9.517499804496765137e-01
9.232500195503234863e-01
9.089999794960021973e-01
8.949999809265136719e-01
8.815000057220458984e-01
8.587499856948852539e-01
8.475000262260437012e-01
8.367499709129333496e-01
8.284999728202819824e-01
8.107500076293945312e-01
7.997499704360961914e-01
7.919999957084655762e-01
7.764999866485595703e-01
7.689999938011169434e-01
7.814999818801879883e-01
7.977499961853027344e-01
7.994999885559082031e-01
7.870000004768371582e-01
7.785000205039978027e-01
7.712500095367431641e-01
7.655000090599060059e-01
inf
5.137500166893005371e-01
4.850000143051147461e-01
inf
inf
inf
inf
inf
inf
inf
4.850000143051147461e-01
inf
inf
inf
inf
6.834999918937683105e-01
inf
inf
inf
6.837499737739562988e-01
6.719999909400939941e-01
6.769999861717224121e-01
inf
inf
inf
inf
4.639999866485595703e-01
inf
inf
inf
inf
inf
inf
3.865000009536743164e-01
inf
inf
inf
inf
inf
inf
inf
inf
inf
inf
4.555000066757202148e-01
4.444999992847442627e-01
inf
inf
4.252499938011169434e-01
4.122500121593475342e-01
inf
3.914999961853027344e-01
inf
inf
3.792499899864196777e-01
3.774999976158142090e-01
3.742499947547912598e-01
inf
3.607499897480010986e-01
3.592500090599060059e-01
3.492499887943267822e-01
3.447499871253967285e-01
3.447499871253967285e-01
3.382500112056732178e-01
3.347499966621398926e-01
3.215000033378601074e-01
3.294999897480010986e-01
3.227500021457672119e-01
3.227500021457672119e-01
3.197500109672546387e-01
3.160000145435333252e-01
3.134999871253967285e-01
3.162499964237213135e-01
3.092499971389770508e-01
3.064999878406524658e-01
3.062500059604644775e-01
3.012500107288360596e-01
2.994999885559082031e-01
2.949999868869781494e-01
2.942500114440917969e-01
2.949999868869781494e-01
inf
inf
2.877500057220458984e-01
2.877500057220458984e-01
2.837499976158142090e-01
