1.277250051498413086e+00
1.245249986648559570e+00
1.195000052452087402e+00
1.169250011444091797e+00
1.150500059127807617e+00
1.121999979019165039e+00
1.101750016212463379e+00
1.085000038146972656e+00
1.042000055313110352e+00
1.025249958038330078e+00
1.007500052452087402e+00
9.897500276565551758e-01
9.710000157356262207e-01
9.399999976158142090e-01
9.252499938011169434e-01
9.110000133514404297e-01
8.980000019073486328e-01
8.725000023841857910e-01
8.590000271797180176e-01
8.477500081062316895e-01
8.377500176429748535e-01
8.172500133514404297e-01
8.084999918937683105e-01
7.982500195503234863e-01
7.897499799728393555e-01
7.810000181198120117e-01
7.680000066757202148e-01
7.862499952316284180e-01
8.032500147819519043e-01
7.977499961853027344e-01
7.900000214576721191e-01
7.799999713897705078e-01
7.674999833106994629e-01
inf
inf
5.009999871253967285e-01
inf
inf
inf
inf
inf
inf
inf
inf
inf
inf
inf
inf
inf
6.830000281333923340e-01
inf
inf
6.750000119209289551e-01
inf
6.747499704360961914e-01
6.712499856948852539e-01
inf
inf
inf
inf
4.607500135898590088e-01
inf
inf
inf
inf
inf
inf
inf
inf
inf
inf
inf
inf
inf
inf
inf
inf
inf
4.617500007152557373e-01
inf
inf
4.297499954700469971e-01
4.242500066757202148e-01
inf
4.117499887943267822e-01
inf
inf
3.914999961853027344e-01
inf
inf
3.692499995231628418e-01
3.670000135898590088e-01
3.670000135898590088e-01
3.592500090599060059e-01
3.540000021457672119e-01
3.447499871253967285e-01
3.447499871253967285e-01
3.379999995231628418e-01
3.379999995231628418e-01
3.332499861717224121e-01
inf
3.240000009536743164e-01
3.227500021457672119e-01
3.172500133514404297e-01
3.162499964237213135e-01
3.157500028610229492e-01
3.057500123977661133e-01
3.095000088214874268e-01
3.067499995231628418e-01
3.064999878406524658e-01
3.064999878406524658e-01
3.014999926090240479e-01
3.014999926090240479e-01
2.967500090599060059e-01
2.949999868869781494e-01
inf
2.912499904632568359e-01
2.949999868869781494e-01
2.912499904632568359e-01
2.877500057220458984e-01
