inf
inf
inf
inf
4.361249923706054688e+00
1.532500028610229492e+00
1.426249980926513672e+00
1.354249954223632812e+00
1.322499990463256836e+00
1.334499955177307129e+00
1.334499955177307129e+00
1.346500039100646973e+00
inf
1.354249954223632812e+00
1.352249979972839355e+00
1.394000053405761719e+00
1.385750055313110352e+00
1.394749999046325684e+00
1.405500054359436035e+00
1.412750005722045898e+00
1.423249959945678711e+00
1.444000005722045898e+00
1.451500058174133301e+00
1.464249968528747559e+00
1.476750016212463379e+00
1.490749955177307129e+00
1.492249965667724609e+00
1.461249947547912598e+00
1.418249964714050293e+00
1.390750050544738770e+00
1.335999965667724609e+00
1.320999979972839355e+00
6.039999723434448242e-01
inf
6.212499737739562988e-01
6.397500038146972656e-01
inf
1.158499956130981445e+00
1.126749992370605469e+00
1.096750020980834961e+00
1.082749962806701660e+00
1.072749972343444824e+00
1.071499943733215332e+00
1.020249962806701660e+00
1.010750055313110352e+00
1.004250049591064453e+00
inf
9.804999828338623047e-01
9.599999785423278809e-01
9.499999880790710449e-01
9.412500262260437012e-01
9.309999942779541016e-01
9.112499952316284180e-01
9.024999737739562988e-01
8.939999938011169434e-01
8.849999904632568359e-01
8.780000209808349609e-01
8.629999756813049316e-01
8.547499775886535645e-01
8.485000133514404297e-01
8.432499766349792480e-01
8.317499756813049316e-01
8.249999880790710449e-01
8.215000033378601074e-01
8.167499899864196777e-01
8.087499737739562988e-01
8.050000071525573730e-01
7.997499704360961914e-01
7.957500219345092773e-01
7.937499880790710449e-01
8.080000281333923340e-01
8.289999961853027344e-01
8.267499804496765137e-01
8.324999809265136719e-01
8.352500200271606445e-01
7.814999818801879883e-01
7.947499752044677734e-01
8.027499914169311523e-01
8.057500123977661133e-01
8.007500171661376953e-01
8.002499938011169434e-01
8.000000119209289551e-01
7.969999909400939941e-01
7.965000271797180176e-01
5.734999775886535645e-01
5.799999833106994629e-01
5.795000195503234863e-01
5.809999704360961914e-01
5.820000171661376953e-01
5.842499732971191406e-01
5.842499732971191406e-01
5.910000205039978027e-01
5.910000205039978027e-01
5.939999818801879883e-01
5.962499976158142090e-01
inf
inf
inf
inf
inf
inf
inf
inf
inf
inf
inf
inf
inf
inf
inf
inf
inf
inf
inf
inf
inf
inf
inf
7.039999961853027344e-01
inf
