1.286249995231628418e+00
1.224249958992004395e+00
1.200749993324279785e+00
1.174499988555908203e+00
1.151250004768371582e+00
1.124250054359436035e+00
inf
1.080749988555908203e+00
1.042250037193298340e+00
1.023249983787536621e+00
1.004999995231628418e+00
9.877499938011169434e-01
9.704999923706054688e-01
9.390000104904174805e-01
9.225000143051147461e-01
9.082499742507934570e-01
8.939999938011169434e-01
8.797500133514404297e-01
8.544999957084655762e-01
8.452500104904174805e-01
8.335000276565551758e-01
8.202499747276306152e-01
8.144999742507934570e-01
7.929999828338623047e-01
7.864999771118164062e-01
7.785000205039978027e-01
7.712500095367431641e-01
7.795000076293945312e-01
7.975000143051147461e-01
8.019999861717224121e-01
7.850000262260437012e-01
7.762500047683715820e-01
7.702500224113464355e-01
7.657499909400939941e-01
inf
inf
5.277500152587890625e-01
inf
inf
inf
inf
inf
inf
inf
4.850000143051147461e-01
inf
inf
inf
7.127500176429748535e-01
6.837499737739562988e-01
inf
inf
6.744999885559082031e-01
inf
6.710000038146972656e-01
6.667500138282775879e-01
inf
inf
inf
inf
inf
inf
inf
inf
inf
inf
inf
3.865000009536743164e-01
inf
inf
inf
inf
inf
inf
inf
inf
inf
inf
4.617500007152557373e-01
4.555000066757202148e-01
4.444999992847442627e-01
inf
4.237500131130218506e-01
4.102500081062316895e-01
4.122500121593475342e-01
inf
inf
inf
3.670000135898590088e-01
3.692499995231628418e-01
3.684999942779541016e-01
inf
inf
3.592500090599060059e-01
3.497500121593475342e-01
3.447499871253967285e-01
3.384999930858612061e-01
inf
3.332499861717224121e-01
3.332499861717224121e-01
inf
3.192499876022338867e-01
3.227500021457672119e-01
3.197500109672546387e-01
3.165000081062316895e-01
3.125000000000000000e-01
3.104999959468841553e-01
3.092499971389770508e-01
3.067499995231628418e-01
3.062500059604644775e-01
3.009999990463256836e-01
3.017500042915344238e-01
3.000000119209289551e-01
3.000000119209289551e-01
inf
inf
inf
2.912499904632568359e-01
inf
2.877500057220458984e-01
