1.633249998092651367e+00
1.642500042915344238e+00
1.650500059127807617e+00
1.659250020980834961e+00
1.661499977111816406e+00
1.674749970436096191e+00
1.687250018119812012e+00
1.702499985694885254e+00
1.706750035285949707e+00
1.720999956130981445e+00
1.734249949455261230e+00
1.738250017166137695e+00
1.686499953269958496e+00
1.580250024795532227e+00
1.539999961853027344e+00
1.491750001907348633e+00
1.458750009536743164e+00
1.385249972343444824e+00
1.350499987602233887e+00
1.321750044822692871e+00
1.297500014305114746e+00
1.238499999046325684e+00
1.219249963760375977e+00
1.194499969482421875e+00
1.175999999046325684e+00
1.148249983787536621e+00
1.108500003814697266e+00
1.090000033378601074e+00
1.073500037193298340e+00
1.055250048637390137e+00
1.021250009536743164e+00
1.008499979972839355e+00
9.934999942779541016e-01
9.777500033378601074e-01
9.629999995231628418e-01
9.362499713897705078e-01
9.259999990463256836e-01
9.137499928474426270e-01
8.999999761581420898e-01
8.922500014305114746e-01
8.677499890327453613e-01
8.587499856948852539e-01
8.487499952316284180e-01
8.410000205039978027e-01
8.454999923706054688e-01
8.692499995231628418e-01
8.597499728202819824e-01
8.507500290870666504e-01
8.450000286102294922e-01
inf
5.730000138282775879e-01
inf
inf
inf
inf
inf
inf
inf
inf
inf
inf
inf
inf
inf
inf
inf
5.302500128746032715e-01
5.267500281333923340e-01
5.267500281333923340e-01
5.270000100135803223e-01
5.285000205039978027e-01
5.252500176429748535e-01
5.134999752044677734e-01
5.182499885559082031e-01
5.159999728202819824e-01
5.142499804496765137e-01
5.132499933242797852e-01
5.124999880790710449e-01
5.134999752044677734e-01
5.142499804496765137e-01
5.162500143051147461e-01
5.145000219345092773e-01
5.182499885559082031e-01
5.189999938011169434e-01
5.260000228881835938e-01
5.274999737739562988e-01
5.277500152587890625e-01
5.277500152587890625e-01
inf
inf
inf
inf
inf
inf
inf
inf
7.394999861717224121e-01
7.444999814033508301e-01
7.494999766349792480e-01
7.509999871253967285e-01
7.542499899864196777e-01
7.607499957084655762e-01
inf
7.727500200271606445e-01
7.787500023841857910e-01
7.827500104904174805e-01
7.894999980926513672e-01
7.942500114440917969e-01
8.077499866485595703e-01
8.137500286102294922e-01
8.205000162124633789e-01
8.257499933242797852e-01
8.327500224113464355e-01
7.752500176429748535e-01
inf
inf
6.144999861717224121e-01
5.822499990463256836e-01
5.519999861717224121e-01
5.497499704360961914e-01
