1.270750045776367188e+00
1.238250017166137695e+00
1.189499974250793457e+00
1.164999961853027344e+00
1.141000032424926758e+00
1.116500020027160645e+00
1.098500013351440430e+00
1.077499985694885254e+00
1.057500004768371582e+00
1.019749999046325684e+00
1.001999974250793457e+00
9.847499728202819824e-01
9.689999818801879883e-01
9.522500038146972656e-01
9.229999780654907227e-01
9.085000157356262207e-01
8.939999938011169434e-01
8.817499876022338867e-01
8.550000190734863281e-01
8.454999923706054688e-01
8.342499732971191406e-01
8.234999775886535645e-01
8.130000233650207520e-01
7.977499961853027344e-01
7.877500057220458984e-01
7.799999713897705078e-01
7.742499709129333496e-01
7.749999761581420898e-01
8.029999732971191406e-01
7.940000295639038086e-01
7.867500185966491699e-01
7.792500257492065430e-01
7.717499732971191406e-01
7.667499780654907227e-01
inf
5.130000114440917969e-01
inf
inf
inf
inf
inf
inf
inf
4.855000078678131104e-01
inf
inf
inf
inf
6.872500181198120117e-01
6.815000176429748535e-01
inf
inf
inf
6.729999780654907227e-01
6.712499856948852539e-01
6.765000224113464355e-01
inf
inf
inf
inf
inf
inf
inf
inf
inf
inf
inf
inf
inf
inf
inf
inf
inf
inf
inf
inf
inf
inf
inf
inf
4.452500045299530029e-01
4.365000128746032715e-01
4.182499945163726807e-01
4.132499992847442627e-01
4.037500023841857910e-01
inf
inf
inf
inf
3.759999871253967285e-01
3.697499930858612061e-01
3.607499897480010986e-01
3.607499897480010986e-01
inf
3.447499871253967285e-01
inf
3.447499871253967285e-01
3.384999930858612061e-01
3.347499966621398926e-01
3.332499861717224121e-01
inf
3.227500021457672119e-01
3.227500021457672119e-01
3.197500109672546387e-01
3.157500028610229492e-01
3.134999871253967285e-01
3.134999871253967285e-01
3.067499995231628418e-01
3.067499995231628418e-01
3.064999878406524658e-01
3.012500107288360596e-01
3.009999990463256836e-01
2.987500131130218506e-01
2.949999868869781494e-01
2.967500090599060059e-01
inf
inf
2.912499904632568359e-01
2.877500057220458984e-01
2.877500057220458984e-01
