1.562999963760375977e+00
1.513000011444091797e+00
1.467000007629394531e+00
1.427250027656555176e+00
1.362499952316284180e+00
1.325000047683715820e+00
1.305500030517578125e+00
1.260249972343444824e+00
1.232750058174133301e+00
1.208250045776367188e+00
1.162500023841857910e+00
1.135499954223632812e+00
1.112249970436096191e+00
1.071249961853027344e+00
1.053750038146972656e+00
1.032999992370605469e+00
1.015249967575073242e+00
9.977499842643737793e-01
9.649999737739562988e-01
9.502500295639038086e-01
9.362499713897705078e-01
9.215000271797180176e-01
8.949999809265136719e-01
8.805000185966491699e-01
8.684999942779541016e-01
8.572499752044677734e-01
8.345000147819519043e-01
8.257499933242797852e-01
8.157500028610229492e-01
8.077499866485595703e-01
7.897499799728393555e-01
7.820000052452087402e-01
7.732499837875366211e-01
7.670000195503234863e-01
7.877500057220458984e-01
7.994999885559082031e-01
7.914999723434448242e-01
7.812500000000000000e-01
7.774999737739562988e-01
7.707499861717224121e-01
inf
inf
inf
inf
4.930000007152557373e-01
inf
inf
inf
inf
inf
7.034999728202819824e-01
6.987500190734863281e-01
6.967499852180480957e-01
inf
6.877499818801879883e-01
6.827499866485595703e-01
inf
6.797500252723693848e-01
inf
inf
inf
inf
inf
inf
inf
inf
inf
inf
inf
inf
inf
3.607499897480010986e-01
inf
inf
3.499999940395355225e-01
inf
inf
inf
inf
4.444999992847442627e-01
inf
inf
inf
4.157499969005584717e-01
4.037500023841857910e-01
3.932499885559082031e-01
3.869999945163726807e-01
inf
3.792499899864196777e-01
3.697499930858612061e-01
3.670000135898590088e-01
3.607499897480010986e-01
3.562499880790710449e-01
inf
3.447499871253967285e-01
3.447499871253967285e-01
3.402499854564666748e-01
3.339999914169311523e-01
3.332499861717224121e-01
3.192499876022338867e-01
3.192499876022338867e-01
3.215000033378601074e-01
3.162499964237213135e-01
3.162499964237213135e-01
3.134999871253967285e-01
3.062500059604644775e-01
3.057500123977661133e-01
3.067499995231628418e-01
3.012500107288360596e-01
2.949999868869781494e-01
2.877500057220458984e-01
2.952499985694885254e-01
2.912499904632568359e-01
2.912499904632568359e-01
inf
2.837499976158142090e-01
2.872500121593475342e-01
2.837499976158142090e-01
2.837499976158142090e-01
2.837499976158142090e-01
