4.235000014305114746e-01
4.490000009536743164e-01
4.514999985694885254e-01
4.569999873638153076e-01
4.595000147819519043e-01
inf
4.785000085830688477e-01
5.172500014305114746e-01
5.360000133514404297e-01
5.692499876022338867e-01
inf
inf
1.761000037193298340e+00
1.771999955177307129e+00
1.805750012397766113e+00
1.789499998092651367e+00
1.755499958992004395e+00
1.722499966621398926e+00
1.645499944686889648e+00
1.617249965667724609e+00
1.587749958038330078e+00
1.565000057220458984e+00
1.509750008583068848e+00
1.478250026702880859e+00
1.457999944686889648e+00
1.418750047683715820e+00
1.396250009536743164e+00
1.375499963760375977e+00
1.359500050544738770e+00
1.319499969482421875e+00
1.302999973297119141e+00
1.284999966621398926e+00
1.272250056266784668e+00
1.242499947547912598e+00
1.227749943733215332e+00
1.217000007629394531e+00
1.207000017166137695e+00
1.184499979019165039e+00
1.174999952316284180e+00
1.161499977111816406e+00
1.151499986648559570e+00
1.131000041961669922e+00
1.119750022888183594e+00
1.113749980926513672e+00
1.102499961853027344e+00
1.090749979019165039e+00
1.081249952316284180e+00
1.075749993324279785e+00
1.081500053405761719e+00
1.100999951362609863e+00
1.096500039100646973e+00
1.090749979019165039e+00
1.080999970436096191e+00
1.071499943733215332e+00
inf
inf
inf
inf
inf
inf
inf
inf
inf
inf
inf
inf
8.042500019073486328e-01
inf
7.914999723434448242e-01
7.875000238418579102e-01
7.894999980926513672e-01
7.914999723434448242e-01
7.894999980926513672e-01
7.914999723434448242e-01
7.914999723434448242e-01
inf
7.914999723434448242e-01
inf
inf
inf
inf
inf
inf
inf
1.022250056266784668e+00
1.022750020027160645e+00
1.026749968528747559e+00
1.029000043869018555e+00
1.032750010490417480e+00
1.041249990463256836e+00
1.044000029563903809e+00
1.047500014305114746e+00
1.051249980926513672e+00
1.063500046730041504e+00
1.067250013351440430e+00
1.073500037193298340e+00
1.077999949455261230e+00
1.092249989509582520e+00
1.096500039100646973e+00
1.103500008583068848e+00
1.110999941825866699e+00
1.118250012397766113e+00
1.137500047683715820e+00
1.143249988555908203e+00
1.151749968528747559e+00
1.161249995231628418e+00
1.533249974250793457e+00
1.463750004768371582e+00
1.450999975204467773e+00
1.430500030517578125e+00
1.400750041007995605e+00
1.353999972343444824e+00
1.326750040054321289e+00
1.315999984741210938e+00
1.284500002861022949e+00
1.246000051498413086e+00
1.245749950408935547e+00
1.236500024795532227e+00
1.193249940872192383e+00
1.187500000000000000e+00
