1.287750005722045898e+00
1.228500008583068848e+00
1.202250003814697266e+00
1.177000045776367188e+00
1.155249953269958496e+00
1.131000041961669922e+00
1.087749958038330078e+00
1.067000031471252441e+00
1.047000050544738770e+00
1.029250025749206543e+00
1.008999943733215332e+00
9.922500252723693848e-01
9.574999809265136719e-01
9.465000033378601074e-01
9.284999966621398926e-01
9.139999747276306152e-01
9.007499814033508301e-01
8.707500100135803223e-01
8.612499833106994629e-01
8.479999899864196777e-01
8.397499918937683105e-01
8.195000290870666504e-01
8.100000023841857910e-01
8.012499809265136719e-01
7.914999723434448242e-01
7.820000052452087402e-01
7.682499885559082031e-01
7.845000028610229492e-01
8.019999861717224121e-01
7.977499961853027344e-01
7.885000109672546387e-01
7.754999995231628418e-01
7.692499756813049316e-01
7.732499837875366211e-01
inf
inf
5.320000052452087402e-01
inf
inf
inf
inf
inf
inf
inf
4.855000078678131104e-01
inf
inf
inf
inf
6.837499737739562988e-01
6.812499761581420898e-01
inf
6.740000247955322266e-01
inf
6.735000014305114746e-01
6.707500219345092773e-01
inf
inf
inf
inf
4.629999995231628418e-01
inf
inf
inf
inf
inf
inf
inf
inf
inf
inf
inf
inf
inf
inf
inf
inf
inf
4.555000066757202148e-01
inf
4.452500045299530029e-01
inf
4.202499985694885254e-01
4.127500057220458984e-01
4.117499887943267822e-01
inf
inf
inf
3.792499899864196777e-01
inf
3.702499866485595703e-01
3.670000135898590088e-01
3.592500090599060059e-01
3.592500090599060059e-01
inf
inf
3.447499871253967285e-01
3.384999930858612061e-01
3.382500112056732178e-01
inf
inf
3.227500021457672119e-01
3.230000138282775879e-01
3.215000033378601074e-01
3.147499859333038330e-01
3.134999871253967285e-01
3.134999871253967285e-01
3.067499995231628418e-01
inf
3.057500123977661133e-01
3.007499873638153076e-01
3.012500107288360596e-01
2.987500131130218506e-01
2.949999868869781494e-01
2.949999868869781494e-01
inf
inf
2.872500121593475342e-01
2.784999907016754150e-01
2.882499992847442627e-01
