6.797500252723693848e-01
6.815000176429748535e-01
6.822500228881835938e-01
6.825000047683715820e-01
6.850000023841857910e-01
6.865000128746032715e-01
inf
4.025000035762786865e-01
3.707500100135803223e-01
3.592500090599060059e-01
inf
3.637500107288360596e-01
3.742499947547912598e-01
3.605000078678131104e-01
inf
3.734999895095825195e-01
inf
5.519999861717224121e-01
5.364999771118164062e-01
5.220000147819519043e-01
5.192499756813049316e-01
5.295000076293945312e-01
5.205000042915344238e-01
5.214999914169311523e-01
5.214999914169311523e-01
5.182499885559082031e-01
5.099999904632568359e-01
5.002499818801879883e-01
4.972499907016754150e-01
4.945000112056732178e-01
4.970000088214874268e-01
4.884999990463256836e-01
4.807499945163726807e-01
4.749999940395355225e-01
4.737499952316284180e-01
4.720000028610229492e-01
4.749999940395355225e-01
4.749999940395355225e-01
5.375000238418579102e-01
5.462499856948852539e-01
inf
5.487499833106994629e-01
5.525000095367431641e-01
5.682500004768371582e-01
inf
inf
inf
inf
inf
inf
inf
inf
inf
3.007499873638153076e-01
2.917500138282775879e-01
2.770000100135803223e-01
inf
2.727499902248382568e-01
2.660000026226043701e-01
inf
2.632499933242797852e-01
inf
2.565000057220458984e-01
2.562499940395355225e-01
2.527500092983245850e-01
inf
2.522499859333038330e-01
inf
2.500000000000000000e-01
2.485000044107437134e-01
2.482499927282333374e-01
2.482499927282333374e-01
inf
2.495000064373016357e-01
2.502500116825103760e-01
2.512499988079071045e-01
inf
2.560000121593475342e-01
inf
inf
4.302499890327453613e-01
4.302499890327453613e-01
4.284999966621398926e-01
4.252499938011169434e-01
4.210000038146972656e-01
4.214999973773956299e-01
4.187499880790710449e-01
4.182499945163726807e-01
4.169999957084655762e-01
4.172500073909759521e-01
4.187499880790710449e-01
4.180000126361846924e-01
4.194999933242797852e-01
4.210000038146972656e-01
4.250000119209289551e-01
4.267500042915344238e-01
4.292500019073486328e-01
4.302499890327453613e-01
4.345000088214874268e-01
4.372499883174896240e-01
4.422500133514404297e-01
4.429999887943267822e-01
inf
inf
inf
inf
9.679999947547912598e-01
9.742500185966491699e-01
9.844999909400939941e-01
9.932500123977661133e-01
1.000000000000000000e+00
1.003000020980834961e+00
1.012750029563903809e+00
1.026499986648559570e+00
1.036749958992004395e+00
1.045750021934509277e+00
1.053249955177307129e+00
1.060999989509582520e+00
1.082249999046325684e+00
1.092249989509582520e+00
