1.109249949455261230e+00
1.092249989509582520e+00
1.074499964714050293e+00
1.058249950408935547e+00
1.028749942779541016e+00
1.014250040054321289e+00
1.001749992370605469e+00
9.850000143051147461e-01
9.717500209808349609e-01
9.587500095367431641e-01
9.355000257492065430e-01
9.237499833106994629e-01
9.135000109672546387e-01
9.012500047683715820e-01
8.847500085830688477e-01
8.799999952316284180e-01
9.047499895095825195e-01
9.104999899864196777e-01
9.004999995231628418e-01
8.822500109672546387e-01
8.730000257492065430e-01
inf
6.169999837875366211e-01
inf
inf
inf
inf
inf
inf
inf
inf
inf
inf
5.812500119209289551e-01
5.772500038146972656e-01
5.789999961853027344e-01
5.695000290870666504e-01
5.655000209808349609e-01
5.647500157356262207e-01
5.625000000000000000e-01
5.617499947547912598e-01
5.605000257492065430e-01
5.587499737739562988e-01
5.577499866485595703e-01
5.575000047683715820e-01
5.577499866485595703e-01
5.580000281333923340e-01
5.590000152587890625e-01
5.605000257492065430e-01
5.617499947547912598e-01
5.630000233650207520e-01
5.619999766349792480e-01
5.647500157356262207e-01
5.730000138282775879e-01
inf
inf
inf
5.752500295639038086e-01
inf
7.932500243186950684e-01
7.829999923706054688e-01
7.872499823570251465e-01
7.937499880790710449e-01
7.990000247955322266e-01
8.017500042915344238e-01
8.059999942779541016e-01
8.157500028610229492e-01
8.199999928474426270e-01
inf
8.312500119209289551e-01
8.392500281333923340e-01
8.489999771118164062e-01
8.590000271797180176e-01
8.642500042915344238e-01
8.702499866485595703e-01
inf
inf
inf
5.939999818801879883e-01
5.792499780654907227e-01
5.802500247955322266e-01
5.860000252723693848e-01
inf
inf
inf
inf
inf
inf
inf
inf
inf
inf
inf
inf
inf
inf
inf
inf
inf
inf
inf
inf
inf
inf
inf
inf
inf
inf
inf
inf
inf
inf
inf
inf
9.095000028610229492e-01
9.077500104904174805e-01
9.039999842643737793e-01
9.014999866485595703e-01
9.010000228881835938e-01
9.142500162124633789e-01
