1.342500001192092896e-01
1.327500045299530029e-01
1.317500025033950806e-01
inf
1.295000016689300537e-01
1.289999932050704956e-01
inf
1.299999952316284180e-01
inf
inf
inf
inf
inf
inf
inf
inf
1.406499981880187988e+00
1.404250025749206543e+00
1.411249995231628418e+00
1.414749979972839355e+00
1.428249955177307129e+00
1.438500046730041504e+00
1.458250045776367188e+00
1.475000023841857910e+00
1.484249949455261230e+00
1.501500010490417480e+00
1.512249946594238281e+00
1.424499988555908203e+00
1.409999966621398926e+00
1.382500052452087402e+00
1.354500055313110352e+00
1.305500030517578125e+00
6.480000019073486328e-01
inf
6.324999928474426270e-01
6.752499938011169434e-01
inf
inf
1.130499958992004395e+00
1.097249984741210938e+00
1.072749972343444824e+00
1.071750044822692871e+00
1.064499974250793457e+00
1.020249962806701660e+00
1.009999990463256836e+00
inf
9.804999828338623047e-01
inf
9.647499918937683105e-01
9.422500133514404297e-01
9.317499995231628418e-01
9.225000143051147461e-01
9.144999980926513672e-01
8.972499966621398926e-01
8.870000243186950684e-01
8.792499899864196777e-01
8.700000047683715820e-01
8.640000224113464355e-01
8.585000038146972656e-01
8.435000181198120117e-01
8.399999737739562988e-01
8.324999809265136719e-01
8.284999728202819824e-01
8.224999904632568359e-01
8.130000233650207520e-01
8.087499737739562988e-01
8.065000176429748535e-01
7.979999780654907227e-01
7.929999828338623047e-01
7.902500033378601074e-01
7.897499799728393555e-01
8.312500119209289551e-01
8.240000009536743164e-01
8.182500004768371582e-01
8.159999847412109375e-01
8.140000104904174805e-01
8.107500076293945312e-01
8.090000152587890625e-01
8.047500252723693848e-01
8.007500171661376953e-01
8.015000224113464355e-01
7.975000143051147461e-01
7.950000166893005371e-01
5.852500200271606445e-01
5.755000114440917969e-01
5.789999961853027344e-01
5.802500247955322266e-01
5.805000066757202148e-01
5.812500119209289551e-01
5.824999809265136719e-01
5.837500095367431641e-01
5.812500119209289551e-01
5.939999818801879883e-01
5.920000076293945312e-01
5.952500104904174805e-01
inf
inf
inf
inf
inf
inf
inf
inf
inf
inf
inf
inf
inf
inf
inf
inf
inf
inf
inf
inf
inf
inf
inf
inf
inf
