1.260499954223632812e+00
1.232750058174133301e+00
1.184999942779541016e+00
1.159500002861022949e+00
1.132500052452087402e+00
1.111500024795532227e+00
1.090499997138977051e+00
1.068500041961669922e+00
1.030249953269958496e+00
1.011749982833862305e+00
9.957500100135803223e-01
9.812499880790710449e-01
9.622499942779541016e-01
9.319999814033508301e-01
9.179999828338623047e-01
9.032499790191650391e-01
8.895000219345092773e-01
8.622499704360961914e-01
8.514999747276306152e-01
8.422499895095825195e-01
8.299999833106994629e-01
8.215000033378601074e-01
8.027499914169311523e-01
7.929999828338623047e-01
7.845000028610229492e-01
7.772499918937683105e-01
7.707499861717224121e-01
7.877500057220458984e-01
8.012499809265136719e-01
7.914999723434448242e-01
7.845000028610229492e-01
7.777500152587890625e-01
7.637500166893005371e-01
inf
inf
5.177500247955322266e-01
inf
inf
inf
inf
inf
inf
inf
inf
inf
inf
inf
inf
inf
inf
inf
inf
6.744999885559082031e-01
inf
6.775000095367431641e-01
inf
inf
inf
4.625000059604644775e-01
inf
inf
inf
inf
4.062500000000000000e-01
inf
inf
inf
inf
inf
inf
inf
inf
inf
inf
inf
inf
inf
inf
4.555000066757202148e-01
4.422500133514404297e-01
4.387499988079071045e-01
4.297499954700469971e-01
4.144999980926513672e-01
4.157499969005584717e-01
inf
4.037500023841857910e-01
3.914999961853027344e-01
3.869999945163726807e-01
3.869999945163726807e-01
3.815000057220458984e-01
3.767499923706054688e-01
3.700000047683715820e-01
3.630000054836273193e-01
inf
3.600000143051147461e-01
3.562499880790710449e-01
inf
inf
3.447499871253967285e-01
3.420000076293945312e-01
3.382500112056732178e-01
3.339999914169311523e-01
3.332499861717224121e-01
3.314999938011169434e-01
3.192499876022338867e-01
3.240000009536743164e-01
3.215000033378601074e-01
3.215000033378601074e-01
3.167499899864196777e-01
3.165000081062316895e-01
3.162499964237213135e-01
3.160000145435333252e-01
3.137499988079071045e-01
inf
inf
inf
3.014999926090240479e-01
3.067499995231628418e-01
3.064999878406524658e-01
3.017500042915344238e-01
