inf
inf
inf
inf
inf
inf
inf
inf
1.331750035285949707e+00
1.334499955177307129e+00
1.337499976158142090e+00
1.348749995231628418e+00
1.349499940872192383e+00
1.338000059127807617e+00
1.371500015258789062e+00
1.378499984741210938e+00
1.388749957084655762e+00
1.396000027656555176e+00
1.405750036239624023e+00
1.414250016212463379e+00
1.424499988555908203e+00
1.444249987602233887e+00
1.456750035285949707e+00
1.468999981880187988e+00
1.482750058174133301e+00
1.492249965667724609e+00
1.473000049591064453e+00
1.457000017166137695e+00
1.412500023841857910e+00
1.394500017166137695e+00
1.321249961853027344e+00
1.305500030517578125e+00
6.167500019073486328e-01
6.602500081062316895e-01
inf
2.157499939203262329e-01
inf
2.099999934434890747e-01
2.137500047683715820e-01
2.045000046491622925e-01
inf
1.764999926090240479e-01
1.772499978542327881e-01
1.755000054836273193e-01
1.745000034570693970e-01
1.777500063180923462e-01
1.720000058412551880e-01
1.704999953508377075e-01
1.700000017881393433e-01
1.724999994039535522e-01
1.755000054836273193e-01
inf
inf
inf
inf
inf
inf
8.774999976158142090e-01
8.525000214576721191e-01
8.475000262260437012e-01
8.404999971389770508e-01
8.347499966621398926e-01
8.245000243186950684e-01
8.202499747276306152e-01
8.157500028610229492e-01
8.094999790191650391e-01
8.075000047683715820e-01
7.985000014305114746e-01
7.922499775886535645e-01
7.897499799728393555e-01
7.875000238418579102e-01
8.255000114440917969e-01
8.237500190734863281e-01
8.192499876022338867e-01
8.157500028610229492e-01
8.144999742507934570e-01
8.097500205039978027e-01
8.067499995231628418e-01
8.050000071525573730e-01
7.994999885559082031e-01
7.994999885559082031e-01
7.985000014305114746e-01
7.957500219345092773e-01
inf
5.730000138282775879e-01
5.799999833106994629e-01
5.799999833106994629e-01
5.805000066757202148e-01
5.799999833106994629e-01
5.812500119209289551e-01
5.814999938011169434e-01
5.910000205039978027e-01
5.939999818801879883e-01
5.939999818801879883e-01
5.939999818801879883e-01
inf
inf
inf
inf
inf
inf
inf
inf
inf
inf
inf
inf
inf
inf
inf
inf
inf
inf
inf
inf
inf
inf
inf
6.972500085830688477e-01
inf
