6.782500147819519043e-01
6.804999709129333496e-01
6.815000176429748535e-01
6.840000152587890625e-01
6.850000023841857910e-01
6.872500181198120117e-01
4.280000030994415283e-01
3.980000019073486328e-01
3.910000026226043701e-01
3.574999868869781494e-01
3.587499856948852539e-01
3.687500059604644775e-01
3.682500123977661133e-01
3.630000054836273193e-01
3.777500092983245850e-01
3.709999918937683105e-01
inf
5.450000166893005371e-01
5.422499775886535645e-01
5.339999794960021973e-01
5.224999785423278809e-01
5.292500257492065430e-01
5.270000100135803223e-01
5.220000147819519043e-01
5.220000147819519043e-01
5.155000090599060059e-01
5.099999904632568359e-01
5.040000081062316895e-01
4.952499866485595703e-01
4.950000047683715820e-01
4.907500147819519043e-01
4.875000119209289551e-01
4.850000143051147461e-01
4.802500009536743164e-01
4.712499976158142090e-01
4.709999859333038330e-01
4.737499952316284180e-01
4.767499864101409912e-01
5.329999923706054688e-01
5.387499928474426270e-01
5.534999966621398926e-01
5.509999990463256836e-01
5.569999814033508301e-01
5.640000104904174805e-01
inf
inf
inf
inf
inf
inf
inf
inf
inf
inf
inf
inf
2.952499985694885254e-01
2.782500088214874268e-01
2.725000083446502686e-01
inf
inf
2.630000114440917969e-01
2.572500109672546387e-01
2.475000023841857910e-01
2.457499951124191284e-01
2.422499954700469971e-01
inf
2.409999966621398926e-01
2.382500022649765015e-01
2.374999970197677612e-01
2.352499961853027344e-01
2.367500066757202148e-01
2.364999949932098389e-01
2.364999949932098389e-01
2.370000034570693970e-01
2.337500005960464478e-01
inf
inf
inf
inf
4.637500047683715820e-01
inf
inf
4.724999964237213135e-01
4.765000045299530029e-01
4.799999892711639404e-01
inf
inf
4.107500016689300537e-01
3.925000131130218506e-01
3.910000026226043701e-01
3.902499973773956299e-01
3.899999856948852539e-01
3.907499909400939941e-01
3.927499949932098389e-01
4.025000035762786865e-01
4.040000140666961670e-01
4.079999923706054688e-01
4.124999940395355225e-01
4.152500033378601074e-01
4.192500114440917969e-01
4.259999990463256836e-01
4.309999942779541016e-01
inf
inf
inf
inf
9.789999723434448242e-01
9.840000271797180176e-01
9.927499890327453613e-01
9.992499947547912598e-01
1.003000020980834961e+00
1.011999964714050293e+00
1.028499960899353027e+00
1.035249948501586914e+00
1.043750047683715820e+00
1.052999973297119141e+00
1.062749981880187988e+00
1.072250008583068848e+00
1.091249942779541016e+00
