4.497500061988830566e-01
4.530000090599060059e-01
4.562500119209289551e-01
4.597499966621398926e-01
4.602499902248382568e-01
4.625000059604644775e-01
4.667499959468841553e-01
4.722500145435333252e-01
4.875000119209289551e-01
5.015000104904174805e-01
5.152500271797180176e-01
5.295000076293945312e-01
5.500000119209289551e-01
inf
1.669499993324279785e+00
1.595250010490417480e+00
1.592499971389770508e+00
1.598500013351440430e+00
1.618250012397766113e+00
inf
inf
inf
2.240000069141387939e-01
2.164999991655349731e-01
1.680750012397766113e+00
1.685250043869018555e+00
1.710999965667724609e+00
inf
inf
2.017499953508377075e-01
1.892500072717666626e-01
1.815000027418136597e-01
1.725000023841857910e+00
1.679999947547912598e+00
1.852499991655349731e-01
1.585250020027160645e+00
inf
inf
inf
inf
inf
1.386000037193298340e+00
1.361250042915344238e+00
1.342749953269958496e+00
1.328999996185302734e+00
1.288499951362609863e+00
1.274250030517578125e+00
1.255249977111816406e+00
1.223749995231628418e+00
1.213250041007995605e+00
1.195000052452087402e+00
1.187749981880187988e+00
1.159749984741210938e+00
1.147250056266784668e+00
1.137500047683715820e+00
1.113999962806701660e+00
1.103250026702880859e+00
1.095749974250793457e+00
1.088250041007995605e+00
1.070000052452087402e+00
1.062749981880187988e+00
1.053750038146972656e+00
1.045500040054321289e+00
1.032250046730041504e+00
1.035249948501586914e+00
1.065999984741210938e+00
1.059499979019165039e+00
1.046000003814697266e+00
1.038499951362609863e+00
1.032250046730041504e+00
1.029250025749206543e+00
7.812500000000000000e-01
inf
inf
inf
inf
inf
inf
inf
7.617499828338623047e-01
7.599999904632568359e-01
7.615000009536743164e-01
7.559999823570251465e-01
7.512500286102294922e-01
7.462499737739562988e-01
7.452499866485595703e-01
7.459999918937683105e-01
7.432500123977661133e-01
7.434999942779541016e-01
7.425000071525573730e-01
7.425000071525573730e-01
7.419999837875366211e-01
7.440000176429748535e-01
7.450000047683715820e-01
7.494999766349792480e-01
7.517499923706054688e-01
7.595000267028808594e-01
7.577499747276306152e-01
7.599999904632568359e-01
7.617499828338623047e-01
7.714999914169311523e-01
7.652500271797180176e-01
inf
9.767500162124633789e-01
9.817500114440917969e-01
9.832500219345092773e-01
9.862499833106994629e-01
9.934999942779541016e-01
9.957500100135803223e-01
1.002249956130981445e+00
1.006250023841857910e+00
1.015750050544738770e+00
1.022750020027160645e+00
1.026000022888183594e+00
1.031749963760375977e+00
1.040500044822692871e+00
1.050500035285949707e+00
1.058750033378601074e+00
1.065750002861022949e+00
1.073500037193298340e+00
