4.460000097751617432e-01
4.477500021457672119e-01
4.485000073909759521e-01
4.675000011920928955e-01
4.672499895095825195e-01
4.697499871253967285e-01
4.729999899864196777e-01
4.837499856948852539e-01
inf
4.914999902248382568e-01
5.122500061988830566e-01
5.295000076293945312e-01
5.467500090599060059e-01
5.772500038146972656e-01
inf
1.724750041961669922e+00
1.652500033378601074e+00
1.590499997138977051e+00
1.593500018119812012e+00
1.600749969482421875e+00
1.616999983787536621e+00
1.610000014305114746e+00
1.597249984741210938e+00
1.618250012397766113e+00
1.660249948501586914e+00
1.669000029563903809e+00
1.684000015258789062e+00
1.690250039100646973e+00
1.711249947547912598e+00
1.736500024795532227e+00
1.746250033378601074e+00
1.768000006675720215e+00
1.779000043869018555e+00
1.726500034332275391e+00
1.694499969482421875e+00
1.652999997138977051e+00
1.625000000000000000e+00
1.562749981880187988e+00
1.529000043869018555e+00
1.504250049591064453e+00
1.472249984741210938e+00
1.422250032424926758e+00
1.401499986648559570e+00
1.380249977111816406e+00
1.358999967575073242e+00
1.322000026702880859e+00
1.300999999046325684e+00
1.283499956130981445e+00
1.269749999046325684e+00
1.231999993324279785e+00
1.218750000000000000e+00
1.206249952316284180e+00
1.192499995231628418e+00
1.166749954223632812e+00
1.152500033378601074e+00
1.139500021934509277e+00
1.126999974250793457e+00
1.116750001907348633e+00
1.100499987602233887e+00
1.090999960899353027e+00
1.079249978065490723e+00
1.070999979972839355e+00
1.055750012397766113e+00
1.046249985694885254e+00
1.040500044822692871e+00
1.032250046730041504e+00
1.057999968528747559e+00
1.058249950408935547e+00
1.050750017166137695e+00
1.043249964714050293e+00
1.032250046730041504e+00
1.026499986648559570e+00
1.028749942779541016e+00
7.835000157356262207e-01
inf
inf
inf
inf
7.732499837875366211e-01
7.617499828338623047e-01
7.672500014305114746e-01
7.617499828338623047e-01
7.582499980926513672e-01
7.509999871253967285e-01
7.505000233650207520e-01
7.467499971389770508e-01
7.465000152587890625e-01
7.440000176429748535e-01
7.419999837875366211e-01
7.397500276565551758e-01
7.397500276565551758e-01
7.415000200271606445e-01
7.407500147819519043e-01
7.409999966621398926e-01
7.422500252723693848e-01
7.422500252723693848e-01
7.434999942779541016e-01
7.505000233650207520e-01
7.527499794960021973e-01
7.580000162124633789e-01
7.597500085830688477e-01
7.672500014305114746e-01
7.732499837875366211e-01
inf
9.700000286102294922e-01
9.737499952316284180e-01
9.769999980926513672e-01
9.815000295639038086e-01
9.879999756813049316e-01
9.912499785423278809e-01
9.965000152587890625e-01
1.001999974250793457e+00
1.010499954223632812e+00
1.015499949455261230e+00
1.019250035285949707e+00
1.027999997138977051e+00
1.029999971389770508e+00
1.046749949455261230e+00
1.053750038146972656e+00
1.059749960899353027e+00
