1.949999928474426270e-01
2.017499953508377075e-01
inf
2.147500067949295044e-01
inf
2.182500064373016357e-01
2.352499961853027344e-01
inf
inf
inf
inf
inf
inf
1.372750043869018555e+00
1.382750034332275391e+00
1.368999958038330078e+00
1.382500052452087402e+00
1.399999976158142090e+00
1.406999945640563965e+00
1.414999961853027344e+00
1.427500009536743164e+00
1.437999963760375977e+00
1.457749962806701660e+00
1.474249958992004395e+00
1.483500003814697266e+00
1.497249960899353027e+00
1.511749982833862305e+00
1.424749970436096191e+00
1.406499981880187988e+00
1.372499942779541016e+00
1.348999977111816406e+00
1.290500044822692871e+00
6.167500019073486328e-01
6.552500128746032715e-01
inf
1.180999994277954102e+00
inf
inf
1.130499958992004395e+00
1.092749953269958496e+00
1.072999954223632812e+00
1.071750044822692871e+00
1.064499974250793457e+00
1.020249962806701660e+00
1.010249972343444824e+00
1.001000046730041504e+00
inf
9.639999866485595703e-01
9.557499885559082031e-01
9.447500109672546387e-01
9.350000023841857910e-01
9.257500171661376953e-01
9.079999923706054688e-01
8.992499709129333496e-01
8.897500038146972656e-01
8.820000290870666504e-01
8.742499947547912598e-01
8.590000271797180176e-01
8.529999852180480957e-01
8.470000028610229492e-01
8.422499895095825195e-01
8.347499966621398926e-01
8.249999880790710449e-01
8.207499980926513672e-01
8.152499794960021973e-01
8.105000257492065430e-01
8.025000095367431641e-01
7.990000247955322266e-01
7.940000295639038086e-01
7.914999723434448242e-01
8.169999718666076660e-01
8.259999752044677734e-01
8.245000243186950684e-01
8.205000162124633789e-01
8.157500028610229492e-01
8.102499842643737793e-01
8.080000281333923340e-01
8.067499995231628418e-01
8.050000071525573730e-01
8.007500171661376953e-01
7.992500066757202148e-01
7.985000014305114746e-01
7.960000038146972656e-01
5.787500143051147461e-01
5.747500061988830566e-01
5.792499780654907227e-01
5.809999704360961914e-01
5.795000195503234863e-01
5.805000066757202148e-01
5.812500119209289551e-01
5.812500119209289551e-01
5.910000205039978027e-01
5.910000205039978027e-01
inf
5.952500104904174805e-01
inf
inf
inf
inf
inf
inf
inf
inf
inf
inf
inf
inf
inf
inf
inf
inf
inf
inf
inf
inf
inf
inf
inf
6.980000138282775879e-01
inf
