1.271000027656555176e+00
1.237750053405761719e+00
1.227249979972839355e+00
1.161749958992004395e+00
1.140249967575073242e+00
1.113999962806701660e+00
1.094750046730041504e+00
1.074749946594238281e+00
1.054999947547912598e+00
1.017500042915344238e+00
9.990000128746032715e-01
9.815000295639038086e-01
9.667500257492065430e-01
9.484999775886535645e-01
9.194999933242797852e-01
9.042500257492065430e-01
8.917499780654907227e-01
8.772500157356262207e-01
8.640000224113464355e-01
8.519999980926513672e-01
8.324999809265136719e-01
8.195000290870666504e-01
8.125000000000000000e-01
8.022500276565551758e-01
7.922499775886535645e-01
7.770000100135803223e-01
7.689999938011169434e-01
7.825000286102294922e-01
8.000000119209289551e-01
8.007500171661376953e-01
7.910000085830688477e-01
7.850000262260437012e-01
7.684999704360961914e-01
7.692499756813049316e-01
inf
5.310000181198120117e-01
inf
inf
inf
inf
inf
inf
inf
inf
4.855000078678131104e-01
inf
inf
inf
7.129999995231628418e-01
6.837499737739562988e-01
inf
inf
6.740000247955322266e-01
inf
6.712499856948852539e-01
6.765000224113464355e-01
inf
inf
inf
inf
inf
inf
inf
inf
inf
inf
inf
3.865000009536743164e-01
inf
inf
inf
inf
inf
inf
inf
inf
inf
inf
4.625000059604644775e-01
4.555000066757202148e-01
4.452500045299530029e-01
inf
4.269999861717224121e-01
4.127500057220458984e-01
inf
inf
3.914999961853027344e-01
inf
3.792499899864196777e-01
3.767499923706054688e-01
3.697499930858612061e-01
3.670000135898590088e-01
3.627499938011169434e-01
3.562499880790710449e-01
3.449999988079071045e-01
3.492499887943267822e-01
3.447499871253967285e-01
3.384999930858612061e-01
3.332499861717224121e-01
3.347499966621398926e-01
3.314999938011169434e-01
3.252499997615814209e-01
3.227500021457672119e-01
3.134999871253967285e-01
inf
3.154999911785125732e-01
3.134999871253967285e-01
3.092499971389770508e-01
3.057500123977661133e-01
3.019999861717224121e-01
3.039999902248382568e-01
3.012500107288360596e-01
3.000000119209289551e-01
inf
2.969999909400939941e-01
inf
2.912499904632568359e-01
2.877500057220458984e-01
2.837499976158142090e-01
2.837499976158142090e-01
