6.812499761581420898e-01
6.804999709129333496e-01
6.815000176429748535e-01
6.817499995231628418e-01
6.850000023841857910e-01
6.865000128746032715e-01
inf
4.012500047683715820e-01
3.692499995231628418e-01
3.587499856948852539e-01
3.650000095367431641e-01
3.689999878406524658e-01
3.740000128746032715e-01
3.600000143051147461e-01
3.664999902248382568e-01
3.734999895095825195e-01
inf
5.457500219345092773e-01
5.422499775886535645e-01
5.217499732971191406e-01
5.195000171661376953e-01
5.292500257492065430e-01
5.270000100135803223e-01
5.197499990463256836e-01
5.205000042915344238e-01
5.180000066757202148e-01
5.057500004768371582e-01
5.000000000000000000e-01
4.972499907016754150e-01
4.954999983310699463e-01
4.934999942779541016e-01
4.877499938011169434e-01
4.790000021457672119e-01
4.749999940395355225e-01
4.740000069141387939e-01
4.720000028610229492e-01
4.727500081062316895e-01
4.742499887943267822e-01
5.357499718666076660e-01
5.485000014305114746e-01
inf
5.504999756813049316e-01
5.547500252723693848e-01
5.612499713897705078e-01
inf
inf
inf
inf
inf
inf
inf
inf
inf
inf
inf
inf
inf
inf
inf
3.134999871253967285e-01
inf
2.852500081062316895e-01
2.754999995231628418e-01
2.707499861717224121e-01
2.675000131130218506e-01
inf
2.630000114440917969e-01
2.592499852180480957e-01
2.579999864101409912e-01
2.524999976158142090e-01
2.517499923706054688e-01
2.509999871253967285e-01
2.515000104904174805e-01
2.500000000000000000e-01
2.485000044107437134e-01
2.485000044107437134e-01
2.482499927282333374e-01
2.495000064373016357e-01
2.540000081062316895e-01
inf
inf
inf
4.282500147819519043e-01
4.247500002384185791e-01
4.247500002384185791e-01
4.227499961853027344e-01
4.189999997615814209e-01
4.192500114440917969e-01
4.192500114440917969e-01
4.194999933242797852e-01
4.192500114440917969e-01
4.199999868869781494e-01
4.217500090599060059e-01
4.242500066757202148e-01
4.259999990463256836e-01
4.297499954700469971e-01
4.329999983310699463e-01
4.337500035762786865e-01
4.362500011920928955e-01
4.379999935626983643e-01
4.420000016689300537e-01
4.462499916553497314e-01
inf
inf
4.697499871253967285e-01
inf
9.707499742507934570e-01
9.767500162124633789e-01
9.829999804496765137e-01
9.884999990463256836e-01
9.969999790191650391e-01
1.011749982833862305e+00
1.018000006675720215e+00
1.024250030517578125e+00
1.033499956130981445e+00
1.042250037193298340e+00
1.051749944686889648e+00
1.070000052452087402e+00
1.079749941825866699e+00
1.091500043869018555e+00
