6.802499890327453613e-01
6.802499890327453613e-01
6.809999942779541016e-01
6.827499866485595703e-01
6.852499842643737793e-01
6.984999775886535645e-01
inf
4.047499895095825195e-01
3.717499971389770508e-01
3.602499961853027344e-01
3.637500107288360596e-01
3.692499995231628418e-01
3.772499859333038330e-01
3.610000014305114746e-01
3.552500009536743164e-01
3.750000000000000000e-01
inf
5.479999780654907227e-01
5.382500290870666504e-01
5.230000019073486328e-01
5.212500095367431641e-01
5.325000286102294922e-01
5.310000181198120117e-01
5.212500095367431641e-01
5.214999914169311523e-01
5.184999704360961914e-01
5.107499957084655762e-01
5.037500262260437012e-01
4.970000088214874268e-01
4.939999878406524658e-01
4.937500059604644775e-01
4.884999990463256836e-01
4.867500066757202148e-01
4.779999852180480957e-01
4.737499952316284180e-01
4.709999859333038330e-01
4.747500121593475342e-01
4.747500121593475342e-01
5.375000238418579102e-01
5.477499961853027344e-01
inf
5.492500066757202148e-01
5.522500276565551758e-01
5.690000057220458984e-01
inf
inf
inf
inf
inf
inf
inf
inf
inf
inf
inf
inf
inf
3.165000081062316895e-01
3.142499923706054688e-01
inf
inf
2.832500040531158447e-01
2.667500078678131104e-01
2.639999985694885254e-01
2.594999969005584717e-01
2.574999928474426270e-01
2.562499940395355225e-01
2.522499859333038330e-01
2.515000104904174805e-01
inf
2.502500116825103760e-01
2.492499947547912598e-01
2.487500011920928955e-01
2.482499927282333374e-01
2.475000023841857910e-01
2.460000067949295044e-01
inf
2.485000044107437134e-01
2.462500035762786865e-01
inf
inf
4.422500133514404297e-01
4.284999966621398926e-01
4.255000054836273193e-01
4.227499961853027344e-01
4.214999973773956299e-01
4.207499921321868896e-01
4.187499880790710449e-01
4.180000126361846924e-01
4.189999997615814209e-01
4.194999933242797852e-01
4.197500050067901611e-01
4.205000102519989014e-01
4.232499897480010986e-01
4.252499938011169434e-01
4.275000095367431641e-01
4.329999983310699463e-01
4.314999878406524658e-01
4.350000023841857910e-01
inf
4.397499859333038330e-01
4.467499852180480957e-01
inf
inf
4.729999899864196777e-01
inf
9.682499766349792480e-01
9.752500057220458984e-01
9.815000295639038086e-01
9.872499704360961914e-01
1.000249981880187988e+00
1.006749987602233887e+00
1.013749957084655762e+00
1.021999955177307129e+00
1.033249974250793457e+00
1.046499967575073242e+00
1.057000041007995605e+00
1.066249966621398926e+00
1.077000021934509277e+00
1.085000038146972656e+00
