6.802499890327453613e-01
6.802499890327453613e-01
6.809999942779541016e-01
6.819999814033508301e-01
6.834999918937683105e-01
6.970000267028808594e-01
4.099999964237213135e-01
3.980000019073486328e-01
3.792499899864196777e-01
3.612500131130218506e-01
3.639999926090240479e-01
3.692499995231628418e-01
3.737500011920928955e-01
3.560000061988830566e-01
3.762499988079071045e-01
inf
inf
5.500000119209289551e-01
5.417500138282775879e-01
5.339999794960021973e-01
5.180000066757202148e-01
5.199999809265136719e-01
5.237500071525573730e-01
5.222499966621398926e-01
5.217499732971191406e-01
5.152500271797180176e-01
5.099999904632568359e-01
5.044999718666076660e-01
5.024999976158142090e-01
4.954999983310699463e-01
4.907500147819519043e-01
4.875000119209289551e-01
4.850000143051147461e-01
4.810000061988830566e-01
4.747500121593475342e-01
4.720000028610229492e-01
4.762499928474426270e-01
inf
5.329999923706054688e-01
5.517500042915344238e-01
5.285000205039978027e-01
5.509999990463256836e-01
5.547500252723693848e-01
5.625000000000000000e-01
inf
inf
inf
inf
inf
inf
inf
inf
inf
inf
inf
3.244999945163726807e-01
3.117499947547912598e-01
3.067499995231628418e-01
inf
2.972500026226043701e-01
2.832500040531158447e-01
2.764999866485595703e-01
2.700000107288360596e-01
inf
2.682499885559082031e-01
2.642500102519989014e-01
2.639999985694885254e-01
2.597500085830688477e-01
2.554999887943267822e-01
2.549999952316284180e-01
inf
2.547500133514404297e-01
inf
2.520000040531158447e-01
2.529999911785125732e-01
2.569999992847442627e-01
2.545000016689300537e-01
inf
inf
inf
4.259999990463256836e-01
4.259999990463256836e-01
4.232499897480010986e-01
4.219999909400939941e-01
4.202499985694885254e-01
4.197500050067901611e-01
4.192500114440917969e-01
4.185000061988830566e-01
4.185000061988830566e-01
4.194999933242797852e-01
4.197500050067901611e-01
4.199999868869781494e-01
4.212499856948852539e-01
4.255000054836273193e-01
4.267500042915344238e-01
4.295000135898590088e-01
4.297499954700469971e-01
4.307500123977661133e-01
4.352500140666961670e-01
4.379999935626983643e-01
4.420000016689300537e-01
inf
inf
4.642499983310699463e-01
4.729999899864196777e-01
inf
inf
9.735000133514404297e-01
9.837499856948852539e-01
9.929999709129333496e-01
9.997500181198120117e-01
1.004250049591064453e+00
1.013249993324279785e+00
1.028749942779541016e+00
1.037250041961669922e+00
1.046000003814697266e+00
1.053249955177307129e+00
1.062999963760375977e+00
1.072499990463256836e+00
1.091249942779541016e+00
