3.212499916553497314e-01
3.005000054836273193e-01
inf
2.745000123977661133e-01
2.579999864101409912e-01
2.547500133514404297e-01
2.549999952316284180e-01
2.549999952316284180e-01
2.607499957084655762e-01
inf
2.662500143051147461e-01
inf
2.667500078678131104e-01
2.667500078678131104e-01
2.667500078678131104e-01
2.669999897480010986e-01
2.697499990463256836e-01
2.700000107288360596e-01
2.725000083446502686e-01
2.750000059604644775e-01
2.842499911785125732e-01
2.845000028610229492e-01
inf
2.862499952316284180e-01
inf
inf
inf
inf
1.382750034332275391e+00
1.329749941825866699e+00
1.312000036239624023e+00
1.296749949455261230e+00
1.265750050544738770e+00
1.249250054359436035e+00
1.235999941825866699e+00
1.223250031471252441e+00
1.202749967575073242e+00
1.192749977111816406e+00
1.181249976158142090e+00
1.171000003814697266e+00
1.148749947547912598e+00
1.135750055313110352e+00
1.130249977111816406e+00
1.110749959945678711e+00
1.101750016212463379e+00
1.094499945640563965e+00
1.080749988555908203e+00
1.076249957084655762e+00
1.107750058174133301e+00
1.105000019073486328e+00
1.095250010490417480e+00
1.090749979019165039e+00
1.081750035285949707e+00
1.077000021934509277e+00
inf
inf
inf
inf
inf
inf
inf
inf
inf
inf
8.042500019073486328e-01
8.042500019073486328e-01
8.042500019073486328e-01
8.042500019073486328e-01
8.019999861717224121e-01
inf
7.914999723434448242e-01
8.062499761581420898e-01
7.914999723434448242e-01
7.914999723434448242e-01
8.042500019073486328e-01
inf
inf
inf
inf
inf
inf
inf
inf
inf
1.023249983787536621e+00
1.024250030517578125e+00
1.029999971389770508e+00
1.031250000000000000e+00
1.034999966621398926e+00
1.037999987602233887e+00
1.043249964714050293e+00
1.050750017166137695e+00
1.055999994277954102e+00
1.062999963760375977e+00
1.070250034332275391e+00
1.074000000953674316e+00
1.080500006675720215e+00
1.092499971389770508e+00
1.097249984741210938e+00
1.104500055313110352e+00
1.113749980926513672e+00
1.126749992370605469e+00
1.137249946594238281e+00
1.145750045776367188e+00
1.164000034332275391e+00
1.518749952316284180e+00
1.497249960899353027e+00
1.463250041007995605e+00
1.437749981880187988e+00
1.394000053405761719e+00
1.376999974250793457e+00
1.348250031471252441e+00
1.321249961853027344e+00
1.285750031471252441e+00
1.265249967575073242e+00
1.246000051498413086e+00
1.224499940872192383e+00
1.201750040054321289e+00
1.188750028610229492e+00
1.183249950408935547e+00
