1.287500023841857910e+00
1.228000044822692871e+00
1.202749967575073242e+00
1.179250001907348633e+00
1.155500054359436035e+00
1.131250023841857910e+00
inf
1.067250013351440430e+00
1.048499941825866699e+00
1.029250025749206543e+00
1.008249998092651367e+00
9.937499761581420898e-01
9.589999914169311523e-01
9.440000057220458984e-01
9.287499785423278809e-01
9.137499928474426270e-01
8.867499828338623047e-01
8.722500205039978027e-01
8.597499728202819824e-01
8.487499952316284180e-01
8.399999737739562988e-01
8.190000057220458984e-01
8.115000128746032715e-01
8.019999861717224121e-01
7.917500138282775879e-01
7.752500176429748535e-01
7.684999704360961914e-01
7.845000028610229492e-01
8.012499809265136719e-01
7.985000014305114746e-01
7.912499904632568359e-01
7.814999818801879883e-01
7.667499780654907227e-01
7.689999938011169434e-01
inf
5.285000205039978027e-01
inf
inf
inf
inf
inf
inf
inf
inf
4.842500090599060059e-01
inf
inf
inf
inf
6.830000281333923340e-01
6.807500123977661133e-01
inf
6.762499809265136719e-01
inf
inf
6.712499856948852539e-01
inf
inf
inf
inf
4.665000140666961670e-01
inf
inf
inf
inf
inf
inf
inf
inf
inf
inf
inf
inf
inf
inf
inf
inf
inf
4.625000059604644775e-01
4.555000066757202148e-01
4.387499988079071045e-01
inf
4.275000095367431641e-01
4.157499969005584717e-01
inf
inf
3.914999961853027344e-01
inf
3.792499899864196777e-01
3.792499899864196777e-01
3.670000135898590088e-01
3.592500090599060059e-01
3.627499938011169434e-01
3.600000143051147461e-01
3.447499871253967285e-01
3.449999988079071045e-01
3.454999923706054688e-01
inf
3.379999995231628418e-01
3.314999938011169434e-01
3.215000033378601074e-01
3.162499964237213135e-01
3.167499899864196777e-01
3.197500109672546387e-01
3.165000081062316895e-01
3.062500059604644775e-01
3.062500059604644775e-01
3.092499971389770508e-01
3.092499971389770508e-01
3.062500059604644775e-01
3.057500123977661133e-01
3.014999926090240479e-01
2.949999868869781494e-01
2.949999868869781494e-01
inf
inf
2.912499904632568359e-01
2.812500000000000000e-01
2.877500057220458984e-01
2.912499904632568359e-01
