4.469250202178955078e+00
4.461999893188476562e+00
4.413249969482421875e+00
4.365499973297119141e+00
inf
inf
4.718500137329101562e+00
4.661250114440917969e+00
4.654250144958496094e+00
4.653250217437744141e+00
4.596000194549560547e+00
4.534500122070312500e+00
4.532499790191650391e+00
4.479249954223632812e+00
4.475749969482421875e+00
4.471000194549560547e+00
4.466499805450439453e+00
4.464749813079833984e+00
4.414000034332275391e+00
4.414000034332275391e+00
4.414999961853027344e+00
4.409749984741210938e+00
4.410500049591064453e+00
4.410500049591064453e+00
4.410500049591064453e+00
7.958250045776367188e+00
7.958250045776367188e+00
inf
7.958250045776367188e+00
7.958250045776367188e+00
7.958250045776367188e+00
7.958250045776367188e+00
7.958250045776367188e+00
7.958250045776367188e+00
7.958250045776367188e+00
7.958250045776367188e+00
7.958250045776367188e+00
7.958250045776367188e+00
7.958250045776367188e+00
7.958250045776367188e+00
7.958250045776367188e+00
inf
4.592000007629394531e+00
4.597000122070312500e+00
4.597000122070312500e+00
4.597000122070312500e+00
4.716249942779541016e+00
4.662250041961669922e+00
4.720499992370605469e+00
1.853250026702880859e+00
1.781499981880187988e+00
1.718500018119812012e+00
1.667999982833862305e+00
1.655249953269958496e+00
1.668750047683715820e+00
1.682500004768371582e+00
1.688500046730041504e+00
1.704749941825866699e+00
1.721500039100646973e+00
1.746500015258789062e+00
1.761000037193298340e+00
1.776999950408935547e+00
1.789000034332275391e+00
1.807000041007995605e+00
1.850499987602233887e+00
1.865499973297119141e+00
1.886999964714050293e+00
1.852749943733215332e+00
1.811249971389770508e+00
1.748000025749206543e+00
1.722000002861022949e+00
1.688249945640563965e+00
1.661499977111816406e+00
1.609249949455261230e+00
1.580749988555908203e+00
1.564000010490417480e+00
1.541249990463256836e+00
1.496250033378601074e+00
1.470999956130981445e+00
1.452499985694885254e+00
1.436249971389770508e+00
1.401499986648559570e+00
1.381500005722045898e+00
1.364750027656555176e+00
1.353500008583068848e+00
1.329749941825866699e+00
1.315250039100646973e+00
1.299250006675720215e+00
1.288249969482421875e+00
1.275750041007995605e+00
1.253250002861022949e+00
1.240249991416931152e+00
1.231250047683715820e+00
1.223000049591064453e+00
1.208250045776367188e+00
1.196249961853027344e+00
1.192000031471252441e+00
1.184000015258789062e+00
1.177250027656555176e+00
1.208250045776367188e+00
1.196499943733215332e+00
1.193750023841857910e+00
1.187749981880187988e+00
1.175250053405761719e+00
1.165249943733215332e+00
inf
inf
inf
inf
inf
9.402499794960021973e-01
9.372500181198120117e-01
9.317499995231628418e-01
9.290000200271606445e-01
9.287499785423278809e-01
9.164999723434448242e-01
9.144999980926513672e-01
9.137499928474426270e-01
9.127500057220458984e-01
9.120000004768371582e-01
