6.777499914169311523e-01
6.812499761581420898e-01
6.817499995231628418e-01
6.844999790191650391e-01
6.844999790191650391e-01
6.867499947547912598e-01
4.214999973773956299e-01
3.987500071525573730e-01
3.657500147819519043e-01
3.574999868869781494e-01
3.592500090599060059e-01
3.675000071525573730e-01
3.567500114440917969e-01
3.582499921321868896e-01
3.787499964237213135e-01
3.720000088214874268e-01
inf
5.450000166893005371e-01
5.417500138282775879e-01
5.192499756813049316e-01
5.205000042915344238e-01
5.199999809265136719e-01
5.237500071525573730e-01
5.217499732971191406e-01
5.202500224113464355e-01
5.164999961853027344e-01
5.052499771118164062e-01
5.077499747276306152e-01
4.959999918937683105e-01
4.939999878406524658e-01
4.934999942779541016e-01
4.937500059604644775e-01
4.912500083446502686e-01
4.749999940395355225e-01
4.737499952316284180e-01
4.707500040531158447e-01
4.749999940395355225e-01
4.745000004768371582e-01
5.375000238418579102e-01
5.467500090599060059e-01
inf
5.494999885559082031e-01
5.609999895095825195e-01
5.672500133514404297e-01
inf
inf
inf
inf
inf
inf
inf
inf
inf
inf
2.949999868869781494e-01
2.907499969005584717e-01
2.770000100135803223e-01
2.725000083446502686e-01
2.689999938011169434e-01
inf
2.649999856948852539e-01
2.567499876022338867e-01
2.532500028610229492e-01
2.517499923706054688e-01
inf
2.502500116825103760e-01
2.502500116825103760e-01
2.457499951124191284e-01
2.447499930858612061e-01
2.460000067949295044e-01
2.440000027418136597e-01
2.442499995231628418e-01
2.430000007152557373e-01
2.450000047683715820e-01
2.442499995231628418e-01
2.450000047683715820e-01
2.502500116825103760e-01
inf
2.545000016689300537e-01
inf
inf
4.269999861717224121e-01
4.237500131130218506e-01
4.199999868869781494e-01
4.197500050067901611e-01
4.187499880790710449e-01
4.189999997615814209e-01
inf
4.169999957084655762e-01
4.180000126361846924e-01
4.185000061988830566e-01
4.189999997615814209e-01
4.199999868869781494e-01
4.242500066757202148e-01
4.262500107288360596e-01
4.267500042915344238e-01
4.297499954700469971e-01
4.314999878406524658e-01
4.350000023841857910e-01
4.390000104904174805e-01
4.424999952316284180e-01
4.457499980926513672e-01
inf
inf
inf
inf
9.714999794960021973e-01
9.807500243186950684e-01
9.840000271797180176e-01
9.932500123977661133e-01
9.997500181198120117e-01
1.002750039100646973e+00
1.020750045776367188e+00
1.026250004768371582e+00
1.034749984741210938e+00
1.042500019073486328e+00
1.052999973297119141e+00
1.062999963760375977e+00
1.082000017166137695e+00
1.093999981880187988e+00
