1.286999940872192383e+00
1.227249979972839355e+00
1.201750040054321289e+00
1.176749944686889648e+00
1.151000022888183594e+00
1.126999974250793457e+00
1.105000019073486328e+00
1.085749983787536621e+00
1.042500019073486328e+00
1.023749947547912598e+00
1.008249998092651367e+00
9.907500147819519043e-01
9.712499976158142090e-01
9.390000104904174805e-01
9.244999885559082031e-01
9.112499952316284180e-01
8.964999914169311523e-01
8.830000162124633789e-01
8.552500009536743164e-01
8.452500104904174805e-01
8.342499732971191406e-01
8.230000138282775879e-01
8.144999742507934570e-01
7.960000038146972656e-01
7.867500185966491699e-01
7.789999842643737793e-01
7.712500095367431641e-01
7.789999842643737793e-01
7.957500219345092773e-01
8.022500276565551758e-01
7.847499847412109375e-01
7.754999995231628418e-01
7.697499990463256836e-01
7.647500038146972656e-01
inf
5.267500281333923340e-01
inf
inf
inf
inf
inf
inf
inf
inf
4.850000143051147461e-01
inf
inf
inf
7.089999914169311523e-01
6.832500100135803223e-01
inf
inf
6.735000014305114746e-01
inf
6.707500219345092773e-01
6.790000200271606445e-01
inf
inf
inf
inf
inf
inf
inf
inf
inf
inf
inf
3.869999945163726807e-01
inf
inf
inf
inf
inf
inf
inf
inf
inf
inf
4.555000066757202148e-01
4.444999992847442627e-01
inf
4.297499954700469971e-01
4.252499938011169434e-01
4.127500057220458984e-01
4.117499887943267822e-01
inf
inf
inf
3.792499899864196777e-01
3.702499866485595703e-01
3.702499866485595703e-01
3.592500090599060059e-01
3.630000054836273193e-01
3.562499880790710449e-01
3.499999940395355225e-01
inf
inf
3.379999995231628418e-01
3.382500112056732178e-01
3.332499861717224121e-01
3.227500021457672119e-01
3.167499899864196777e-01
3.227500021457672119e-01
3.197500109672546387e-01
3.165000081062316895e-01
inf
3.134999871253967285e-01
3.067499995231628418e-01
3.067499995231628418e-01
3.057500123977661133e-01
3.057500123977661133e-01
3.009999990463256836e-01
inf
3.002499938011169434e-01
2.969999909400939941e-01
inf
inf
2.912499904632568359e-01
2.837499976158142090e-01
2.877500057220458984e-01
