1.579499959945678711e+00
1.521999955177307129e+00
1.479500055313110352e+00
1.439000010490417480e+00
1.368250012397766113e+00
1.327250003814697266e+00
1.310500025749206543e+00
1.263249993324279785e+00
1.237499952316284180e+00
1.186249971389770508e+00
1.162999987602233887e+00
1.139500021934509277e+00
1.113000035285949707e+00
1.074000000953674316e+00
1.054499983787536621e+00
1.033249974250793457e+00
1.018000006675720215e+00
1.000249981880187988e+00
9.674999713897705078e-01
9.522500038146972656e-01
9.377499818801879883e-01
9.207500219345092773e-01
8.945000171661376953e-01
8.797500133514404297e-01
8.687499761581420898e-01
8.554999828338623047e-01
8.464999794960021973e-01
8.257499933242797852e-01
8.177499771118164062e-01
8.094999790191650391e-01
7.975000143051147461e-01
7.894999980926513672e-01
7.742499709129333496e-01
7.672500014305114746e-01
7.720000147819519043e-01
7.882500290870666504e-01
7.992500066757202148e-01
7.820000052452087402e-01
7.757499814033508301e-01
7.677500247955322266e-01
7.622500061988830566e-01
inf
inf
inf
4.990000128746032715e-01
inf
inf
inf
7.237499952316284180e-01
inf
7.020000219345092773e-01
6.990000009536743164e-01
6.962500214576721191e-01
inf
7.179999947547912598e-01
6.867499947547912598e-01
6.832500100135803223e-01
6.802499890327453613e-01
inf
inf
inf
inf
inf
inf
inf
inf
inf
inf
inf
inf
inf
inf
inf
inf
inf
inf
inf
inf
4.580000042915344238e-01
4.452500045299530029e-01
4.422500133514404297e-01
inf
inf
4.157499969005584717e-01
inf
inf
inf
3.792499899864196777e-01
inf
inf
3.670000135898590088e-01
3.607499897480010986e-01
3.577499985694885254e-01
inf
3.454999923706054688e-01
3.447499871253967285e-01
3.382500112056732178e-01
inf
3.347499966621398926e-01
3.282499909400939941e-01
3.227500021457672119e-01
3.192499876022338867e-01
3.197500109672546387e-01
3.165000081062316895e-01
3.134999871253967285e-01
3.067499995231628418e-01
3.017500042915344238e-01
3.064999878406524658e-01
3.017500042915344238e-01
3.005000054836273193e-01
3.005000054836273193e-01
2.952499985694885254e-01
2.949999868869781494e-01
2.837499976158142090e-01
2.877500057220458984e-01
2.872500121593475342e-01
2.782500088214874268e-01
2.809999883174896240e-01
2.867499887943267822e-01
2.837499976158142090e-01
