4.659249782562255859e+00
4.655250072479248047e+00
4.596000194549560547e+00
4.593999862670898438e+00
4.537250041961669922e+00
4.480249881744384766e+00
4.531750202178955078e+00
4.475749969482421875e+00
4.475749969482421875e+00
4.476500034332275391e+00
4.468500137329101562e+00
4.468500137329101562e+00
4.467500209808349609e+00
4.415750026702880859e+00
4.464000225067138672e+00
4.415750026702880859e+00
7.958250045776367188e+00
7.958250045776367188e+00
7.958250045776367188e+00
7.958250045776367188e+00
7.958250045776367188e+00
7.958250045776367188e+00
7.958250045776367188e+00
7.958250045776367188e+00
7.958250045776367188e+00
7.958250045776367188e+00
7.958250045776367188e+00
7.958250045776367188e+00
7.958250045776367188e+00
7.958250045776367188e+00
7.958250045776367188e+00
7.958250045776367188e+00
inf
inf
4.652249813079833984e+00
4.712250232696533203e+00
4.714250087738037109e+00
4.716249942779541016e+00
4.718500137329101562e+00
4.783500194549560547e+00
1.865000009536743164e+00
1.789000034332275391e+00
1.731500029563903809e+00
1.669000029563903809e+00
1.676749944686889648e+00
1.685750007629394531e+00
1.707249999046325684e+00
1.722000002861022949e+00
1.733000040054321289e+00
1.740000009536743164e+00
1.754999995231628418e+00
1.786499977111816406e+00
1.791749954223632812e+00
1.815750002861022949e+00
1.830000042915344238e+00
1.852499961853027344e+00
1.873499989509582520e+00
1.898249983787536621e+00
1.850999951362609863e+00
1.800999999046325684e+00
1.770499944686889648e+00
1.743250012397766113e+00
1.677500009536743164e+00
1.644999980926513672e+00
1.620000004768371582e+00
1.594499945640563965e+00
1.571249961853027344e+00
1.521000027656555176e+00
1.499250054359436035e+00
1.478000044822692871e+00
1.453250050544738770e+00
1.437250018119812012e+00
1.401000022888183594e+00
1.379750013351440430e+00
1.367499947547912598e+00
1.349499940872192383e+00
1.321750044822692871e+00
1.307500004768371582e+00
1.296749949455261230e+00
1.279500007629394531e+00
1.254500031471252441e+00
1.243999958038330078e+00
1.227749943733215332e+00
1.221750020980834961e+00
1.213250041007995605e+00
1.200000047683715820e+00
1.184499979019165039e+00
1.176749944686889648e+00
1.170500040054321289e+00
1.160750031471252441e+00
1.184000015258789062e+00
1.184999942779541016e+00
1.176249980926513672e+00
1.167250037193298340e+00
1.160750031471252441e+00
1.157999992370605469e+00
9.267500042915344238e-01
inf
inf
inf
inf
9.122499823570251465e-01
9.122499823570251465e-01
9.097499847412109375e-01
8.905000090599060059e-01
8.945000171661376953e-01
8.920000195503234863e-01
8.897500038146972656e-01
8.855000138282775879e-01
8.907499909400939941e-01
8.824999928474426270e-01
8.820000290870666504e-01
8.799999952316284180e-01
8.805000185966491699e-01
8.784999847412109375e-01
8.817499876022338867e-01
8.809999823570251465e-01
8.849999904632568359e-01
8.867499828338623047e-01
8.872500061988830566e-01
