3.285000026226043701e-01
inf
inf
inf
inf
1.555750012397766113e+00
inf
1.331500053405761719e+00
inf
inf
inf
1.351999998092651367e+00
inf
inf
inf
1.386749982833862305e+00
1.390499949455261230e+00
1.406749963760375977e+00
1.414499998092651367e+00
1.428750038146972656e+00
1.427250027656555176e+00
1.284250020980834961e+00
1.272250056266784668e+00
1.301249980926513672e+00
1.382750034332275391e+00
6.234999895095825195e-01
6.094999909400939941e-01
7.002500295639038086e-01
6.455000042915344238e-01
6.499999761581420898e-01
inf
inf
inf
inf
inf
6.455000042915344238e-01
inf
inf
inf
1.116500020027160645e+00
1.106999993324279785e+00
1.077000021934509277e+00
1.062000036239624023e+00
1.050500035285949707e+00
1.026499986648559570e+00
1.036499977111816406e+00
9.957500100135803223e-01
9.972500205039978027e-01
9.689999818801879883e-01
inf
9.512500166893005371e-01
9.315000176429748535e-01
9.227499961853027344e-01
9.137499928474426270e-01
inf
8.899999856948852539e-01
8.840000033378601074e-01
7.204999923706054688e-01
8.679999709129333496e-01
8.629999756813049316e-01
8.517500162124633789e-01
8.462499976158142090e-01
8.422499895095825195e-01
8.327500224113464355e-01
8.255000114440917969e-01
8.217499852180480957e-01
8.152499794960021973e-01
8.107500076293945312e-01
8.080000281333923340e-01
8.044999837875366211e-01
8.442500233650207520e-01
8.412500023841857910e-01
8.364999890327453613e-01
8.335000276565551758e-01
8.277500271797180176e-01
8.249999880790710449e-01
8.209999799728393555e-01
8.190000057220458984e-01
8.162500262260437012e-01
8.157500028610229492e-01
8.127499818801879883e-01
8.112499713897705078e-01
5.942500233650207520e-01
5.872499942779541016e-01
5.950000286102294922e-01
5.917500257492065430e-01
5.927500128746032715e-01
5.927500128746032715e-01
5.927500128746032715e-01
5.945000052452087402e-01
6.000000238418579102e-01
6.002500057220458984e-01
6.072499752044677734e-01
6.132500171661376953e-01
6.132500171661376953e-01
6.157500147819519043e-01
inf
inf
inf
inf
inf
inf
inf
inf
inf
inf
inf
inf
inf
inf
inf
inf
inf
inf
inf
inf
inf
7.714999914169311523e-01
9.620000123977661133e-01
9.735000133514404297e-01
