inf
inf
4.315499782562255859e+00
1.563249945640563965e+00
1.394999980926513672e+00
1.322000026702880859e+00
1.323250055313110352e+00
1.328250050544738770e+00
1.332999944686889648e+00
1.346500039100646973e+00
1.349750041961669922e+00
1.347249984741210938e+00
1.372249960899353027e+00
1.371999979019165039e+00
1.389000058174133301e+00
1.395499944686889648e+00
1.406000018119812012e+00
1.413249969482421875e+00
1.431750059127807617e+00
1.444000005722045898e+00
1.457000017166137695e+00
1.475000023841857910e+00
inf
3.177500069141387939e-01
3.092499971389770508e-01
3.037500083446502686e-01
2.987500131130218506e-01
2.944999933242797852e-01
2.874999940395355225e-01
2.824999988079071045e-01
2.745000123977661133e-01
2.707499861717224121e-01
2.677499949932098389e-01
2.662500143051147461e-01
inf
2.632499933242797852e-01
2.619999945163726807e-01
2.612499892711639404e-01
2.599999904632568359e-01
2.619999945163726807e-01
2.627499997615814209e-01
inf
2.627499997615814209e-01
2.669999897480010986e-01
2.687500119209289551e-01
2.709999978542327881e-01
2.725000083446502686e-01
inf
2.745000123977661133e-01
2.764999866485595703e-01
2.822499871253967285e-01
2.904999852180480957e-01
3.005000054836273193e-01
inf
inf
inf
8.587499856948852539e-01
8.462499976158142090e-01
8.385000228881835938e-01
8.349999785423278809e-01
8.247500061988830566e-01
8.199999928474426270e-01
8.155000209808349609e-01
8.062499761581420898e-01
8.009999990463256836e-01
8.000000119209289551e-01
7.940000295639038086e-01
7.910000085830688477e-01
8.105000257492065430e-01
8.272500038146972656e-01
8.222500085830688477e-01
8.212500214576721191e-01
8.125000000000000000e-01
8.119999766349792480e-01
8.087499737739562988e-01
8.067499995231628418e-01
8.019999861717224121e-01
8.000000119209289551e-01
8.000000119209289551e-01
7.962499856948852539e-01
7.944999933242797852e-01
5.852500200271606445e-01
5.730000138282775879e-01
5.789999961853027344e-01
5.787500143051147461e-01
5.792499780654907227e-01
5.807499885559082031e-01
5.817499756813049316e-01
5.820000171661376953e-01
5.879999995231628418e-01
5.910000205039978027e-01
5.929999947547912598e-01
5.929999947547912598e-01
inf
inf
inf
inf
inf
inf
inf
inf
inf
inf
inf
inf
inf
inf
inf
inf
inf
inf
inf
inf
inf
inf
inf
7.375000119209289551e-01
inf
9.530000090599060059e-01
9.614999890327453613e-01
