6.802499890327453613e-01
6.812499761581420898e-01
6.819999814033508301e-01
6.830000281333923340e-01
6.840000152587890625e-01
6.862499713897705078e-01
inf
3.952499926090240479e-01
3.680000007152557373e-01
3.577499985694885254e-01
3.552500009536743164e-01
3.650000095367431641e-01
3.720000088214874268e-01
3.600000143051147461e-01
3.677499890327453613e-01
3.737500011920928955e-01
inf
5.460000038146972656e-01
5.444999933242797852e-01
5.220000147819519043e-01
5.199999809265136719e-01
5.325000286102294922e-01
5.270000100135803223e-01
5.214999914169311523e-01
5.210000276565551758e-01
5.182499885559082031e-01
5.099999904632568359e-01
5.052499771118164062e-01
4.970000088214874268e-01
4.947499930858612061e-01
4.934999942779541016e-01
4.877499938011169434e-01
4.855000078678131104e-01
4.749999940395355225e-01
4.737499952316284180e-01
4.704999923706054688e-01
4.727500081062316895e-01
4.747500121593475342e-01
5.357499718666076660e-01
5.462499856948852539e-01
inf
5.490000247955322266e-01
5.525000095367431641e-01
5.625000000000000000e-01
inf
inf
inf
inf
inf
inf
inf
inf
inf
inf
inf
inf
inf
inf
3.067499995231628418e-01
inf
inf
2.949999868869781494e-01
2.797499895095825195e-01
2.714999914169311523e-01
2.689999938011169434e-01
2.664999961853027344e-01
2.594999969005584717e-01
2.587499916553497314e-01
inf
2.532500028610229492e-01
inf
2.532500028610229492e-01
inf
2.512499988079071045e-01
2.507500052452087402e-01
2.500000000000000000e-01
2.504999935626983643e-01
2.500000000000000000e-01
2.515000104904174805e-01
inf
2.549999952316284180e-01
inf
inf
4.247500002384185791e-01
4.230000078678131104e-01
4.225000143051147461e-01
4.205000102519989014e-01
4.185000061988830566e-01
4.187499880790710449e-01
4.187499880790710449e-01
4.189999997615814209e-01
4.194999933242797852e-01
4.214999973773956299e-01
4.247500002384185791e-01
4.262500107288360596e-01
4.267500042915344238e-01
4.280000030994415283e-01
4.327499866485595703e-01
4.347499907016754150e-01
4.377500116825103760e-01
4.417499899864196777e-01
4.467499852180480957e-01
inf
inf
4.724999964237213135e-01
inf
9.695000052452087402e-01
9.782500267028808594e-01
9.829999804496765137e-01
9.884999990463256836e-01
9.955000281333923340e-01
1.012249946594238281e+00
1.017750024795532227e+00
1.026250004768371582e+00
1.034500002861022949e+00
1.042500019073486328e+00
1.060500025749206543e+00
1.069749951362609863e+00
1.077999949455261230e+00
1.088750004768371582e+00
