6.790000200271606445e-01
6.802499890327453613e-01
6.819999814033508301e-01
6.832500100135803223e-01
6.844999790191650391e-01
6.850000023841857910e-01
3.947499990463256836e-01
inf
3.942500054836273193e-01
3.574999868869781494e-01
inf
3.642500042915344238e-01
3.689999878406524658e-01
3.600000143051147461e-01
3.707500100135803223e-01
3.732500076293945312e-01
inf
5.457500219345092773e-01
5.429999828338623047e-01
5.205000042915344238e-01
5.195000171661376953e-01
5.270000100135803223e-01
5.212500095367431641e-01
5.197499990463256836e-01
5.210000276565551758e-01
5.237500071525573730e-01
5.099999904632568359e-01
5.002499818801879883e-01
4.970000088214874268e-01
4.939999878406524658e-01
4.970000088214874268e-01
4.855000078678131104e-01
4.810000061988830566e-01
4.812499880790710449e-01
4.737499952316284180e-01
4.709999859333038330e-01
4.747500121593475342e-01
4.754999876022338867e-01
5.375000238418579102e-01
5.450000166893005371e-01
inf
5.475000143051147461e-01
inf
5.602499842643737793e-01
inf
inf
inf
inf
inf
inf
inf
3.142499923706054688e-01
3.092499971389770508e-01
2.935000061988830566e-01
2.862499952316284180e-01
2.820000052452087402e-01
2.770000100135803223e-01
2.672500014305114746e-01
2.602500021457672119e-01
inf
2.642500102519989014e-01
2.562499940395355225e-01
inf
2.532500028610229492e-01
2.520000040531158447e-01
2.507500052452087402e-01
inf
2.492499947547912598e-01
2.469999939203262329e-01
inf
2.472500056028366089e-01
inf
2.469999939203262329e-01
2.467499971389770508e-01
2.469999939203262329e-01
2.497500032186508179e-01
2.515000104904174805e-01
2.557500004768371582e-01
inf
inf
inf
inf
inf
inf
inf
inf
6.209999918937683105e-01
6.287500262260437012e-01
inf
inf
inf
4.842500090599060059e-01
inf
4.257499873638153076e-01
4.227499961853027344e-01
4.237500131130218506e-01
4.267500042915344238e-01
4.280000030994415283e-01
4.317499995231628418e-01
4.345000088214874268e-01
4.362500011920928955e-01
4.377500116825103760e-01
4.420000016689300537e-01
4.452500045299530029e-01
inf
4.749999940395355225e-01
4.717499911785125732e-01
inf
9.867500066757202148e-01
9.934999942779541016e-01
1.000000000000000000e+00
1.008499979972839355e+00
1.013000011444091797e+00
1.021999955177307129e+00
1.037999987602233887e+00
1.046249985694885254e+00
1.057999968528747559e+00
1.065750002861022949e+00
1.073750019073486328e+00
1.095499992370605469e+00
