5.429999828338623047e-01
5.427500009536743164e-01
5.427500009536743164e-01
5.427500009536743164e-01
5.465000271797180176e-01
5.454999804496765137e-01
5.472499728202819824e-01
5.537499785423278809e-01
5.537499785423278809e-01
5.554999709129333496e-01
5.575000047683715820e-01
5.575000047683715820e-01
inf
inf
inf
5.612499713897705078e-01
inf
inf
inf
7.764999866485595703e-01
7.802500128746032715e-01
7.882500290870666504e-01
7.907500267028808594e-01
7.960000038146972656e-01
8.019999861717224121e-01
8.107500076293945312e-01
8.159999847412109375e-01
8.212500214576721191e-01
8.280000090599060059e-01
8.342499732971191406e-01
8.392500281333923340e-01
8.519999980926513672e-01
inf
8.659999966621398926e-01
8.537499904632568359e-01
inf
inf
6.287500262260437012e-01
5.942500233650207520e-01
5.759999752044677734e-01
5.770000219345092773e-01
5.764999985694885254e-01
inf
inf
inf
inf
inf
inf
inf
inf
6.700000166893005371e-01
7.047500014305114746e-01
7.149999737739562988e-01
7.419999837875366211e-01
7.612500190734863281e-01
7.517499923706054688e-01
7.415000200271606445e-01
7.354999780654907227e-01
7.417500019073486328e-01
7.509999871253967285e-01
7.754999995231628418e-01
7.850000262260437012e-01
9.984999895095825195e-01
9.867500066757202148e-01
9.822499752044677734e-01
9.762499928474426270e-01
9.635000228881835938e-01
9.530000090599060059e-01
9.447500109672546387e-01
9.487500190734863281e-01
9.459999799728393555e-01
9.397500157356262207e-01
9.290000200271606445e-01
9.257500171661376953e-01
9.227499961853027344e-01
9.125000238418579102e-01
9.027500152587890625e-01
8.985000252723693848e-01
8.995000123977661133e-01
8.970000147819519043e-01
8.897500038146972656e-01
8.917499780654907227e-01
8.847500085830688477e-01
8.847500085830688477e-01
8.837500214576721191e-01
8.799999952316284180e-01
8.774999976158142090e-01
8.824999928474426270e-01
8.809999823570251465e-01
8.832499980926513672e-01
8.740000128746032715e-01
8.847500085830688477e-01
8.845000267028808594e-01
8.787500262260437012e-01
8.802499771118164062e-01
8.794999718666076660e-01
8.842499852180480957e-01
8.847500085830688477e-01
8.849999904632568359e-01
8.897500038146972656e-01
8.897500038146972656e-01
8.995000123977661133e-01
8.977500200271606445e-01
9.032499790191650391e-01
9.085000157356262207e-01
9.110000133514404297e-01
9.164999723434448242e-01
9.219999909400939941e-01
9.347500205039978027e-01
9.359999895095825195e-01
9.412500262260437012e-01
9.447500109672546387e-01
9.542499780654907227e-01
9.539999961853027344e-01
9.732499718666076660e-01
9.854999780654907227e-01
inf
3.835000097751617432e-01
3.804999887943267822e-01
3.750000000000000000e-01
