6.787499785423278809e-01
6.807500123977661133e-01
6.822500228881835938e-01
6.825000047683715820e-01
6.850000023841857910e-01
6.857500076293945312e-01
inf
4.032500088214874268e-01
3.712500035762786865e-01
3.602499961853027344e-01
3.639999926090240479e-01
3.692499995231628418e-01
3.772499859333038330e-01
inf
3.552500009536743164e-01
3.754999935626983643e-01
inf
5.487499833106994629e-01
5.385000109672546387e-01
5.260000228881835938e-01
5.199999809265136719e-01
5.295000076293945312e-01
5.214999914169311523e-01
5.197499990463256836e-01
5.217499732971191406e-01
5.237500071525573730e-01
5.107499957084655762e-01
5.034999847412109375e-01
5.009999871253967285e-01
4.942499995231628418e-01
4.922499954700469971e-01
4.912500083446502686e-01
4.842500090599060059e-01
4.812499880790710449e-01
4.749999940395355225e-01
4.720000028610229492e-01
4.742499887943267822e-01
4.774999916553497314e-01
5.339999794960021973e-01
5.417500138282775879e-01
inf
5.377500057220458984e-01
5.582500100135803223e-01
5.674999952316284180e-01
inf
inf
inf
inf
inf
inf
inf
inf
inf
3.325000107288360596e-01
3.210000097751617432e-01
3.202500045299530029e-01
3.127500116825103760e-01
3.095000088214874268e-01
3.092499971389770508e-01
3.009999990463256836e-01
inf
2.792499959468841553e-01
2.820000052452087402e-01
2.772499918937683105e-01
inf
2.677499949932098389e-01
2.652499973773956299e-01
2.607499957084655762e-01
2.574999928474426270e-01
2.552500069141387939e-01
2.497500032186508179e-01
2.440000027418136597e-01
inf
2.405000030994415283e-01
2.337500005960464478e-01
inf
2.300000041723251343e-01
inf
2.337500005960464478e-01
2.337500005960464478e-01
2.347500026226043701e-01
inf
inf
inf
4.210000038146972656e-01
inf
4.185000061988830566e-01
4.154999852180480957e-01
4.177500009536743164e-01
4.169999957084655762e-01
4.182499945163726807e-01
4.194999933242797852e-01
4.205000102519989014e-01
4.230000078678131104e-01
4.255000054836273193e-01
4.267500042915344238e-01
4.312500059604644775e-01
4.342499971389770508e-01
4.347499907016754150e-01
4.379999935626983643e-01
4.420000016689300537e-01
inf
inf
inf
4.695000052452087402e-01
inf
9.745000004768371582e-01
9.769999980926513672e-01
9.819999933242797852e-01
9.872499704360961914e-01
9.950000047683715820e-01
1.011999964714050293e+00
1.018000006675720215e+00
1.023749947547912598e+00
1.032999992370605469e+00
1.042000055313110352e+00
1.059999942779541016e+00
1.070000052452087402e+00
1.078250050544738770e+00
1.091500043869018555e+00
