4.897499978542327881e-01
4.990000128746032715e-01
5.105000138282775879e-01
5.207499861717224121e-01
5.304999947547912598e-01
inf
inf
4.424999952316284180e-01
4.065000116825103760e-01
inf
4.070000052452087402e-01
4.140000045299530029e-01
4.387499988079071045e-01
4.370000064373016357e-01
inf
inf
1.683249950408935547e+00
1.695999979972839355e+00
1.711249947547912598e+00
1.716249942779541016e+00
1.746999979019165039e+00
1.767249941825866699e+00
1.783750057220458984e+00
1.791249990463256836e+00
1.755749940872192383e+00
1.679250001907348633e+00
1.651999950408935547e+00
1.619750022888183594e+00
1.564249992370605469e+00
1.535750031471252441e+00
1.510249972343444824e+00
1.478000044822692871e+00
1.452250003814697266e+00
2.660000026226043701e-01
1.383499979972839355e+00
2.545000016689300537e-01
2.509999871253967285e-01
2.252500057220458984e-01
inf
2.267500013113021851e-01
inf
inf
inf
inf
inf
inf
1.158249974250793457e+00
1.143749952316284180e+00
1.120749950408935547e+00
1.114750027656555176e+00
1.102499961853027344e+00
1.096500039100646973e+00
1.080000042915344238e+00
1.072000026702880859e+00
1.063500046730041504e+00
1.056750059127807617e+00
1.050500035285949707e+00
1.088500022888183594e+00
1.076249957084655762e+00
1.069749951362609863e+00
1.057749986648559570e+00
1.050750017166137695e+00
1.047749996185302734e+00
inf
inf
inf
inf
inf
inf
inf
7.875000238418579102e-01
7.852500081062316895e-01
7.774999737739562988e-01
7.792500257492065430e-01
7.754999995231628418e-01
7.735000252723693848e-01
7.680000066757202148e-01
7.684999704360961914e-01
7.652500271797180176e-01
7.662500143051147461e-01
7.649999856948852539e-01
7.602499723434448242e-01
7.602499723434448242e-01
7.682499885559082031e-01
7.680000066757202148e-01
7.737500071525573730e-01
7.754999995231628418e-01
7.810000181198120117e-01
7.772499918937683105e-01
7.812500000000000000e-01
7.832499742507934570e-01
inf
inf
inf
9.957500100135803223e-01
1.000249981880187988e+00
1.006250023841857910e+00
1.008749961853027344e+00
1.013499975204467773e+00
1.017500042915344238e+00
1.021499991416931152e+00
1.030500054359436035e+00
1.035500049591064453e+00
1.041000008583068848e+00
1.046499967575073242e+00
1.058750033378601074e+00
1.063500046730041504e+00
1.069749951362609863e+00
1.074249982833862305e+00
1.082999944686889648e+00
1.097249984741210938e+00
1.101250052452087402e+00
1.114500045776367188e+00
1.123000025749206543e+00
1.134250044822692871e+00
1.510499954223632812e+00
1.463500022888183594e+00
1.457000017166137695e+00
1.424999952316284180e+00
1.395750045776367188e+00
