4.542500078678131104e-01
4.659999907016754150e-01
4.712499976158142090e-01
4.769999980926513672e-01
4.830000102519989014e-01
4.907500147819519043e-01
5.034999847412109375e-01
5.247499942779541016e-01
inf
1.578250050544738770e+00
1.584499955177307129e+00
1.592499971389770508e+00
1.600000023841857910e+00
1.586750030517578125e+00
1.621000051498413086e+00
1.633749961853027344e+00
1.649250030517578125e+00
1.653499960899353027e+00
1.682000041007995605e+00
1.688249945640563965e+00
1.711249947547912598e+00
1.720749974250793457e+00
1.739500045776367188e+00
1.755749940872192383e+00
1.736750006675720215e+00
1.702000021934509277e+00
9.452499747276306152e-01
inf
1.564000010490417480e+00
1.534500002861022949e+00
1.471750020980834961e+00
1.446750044822692871e+00
1.422250032424926758e+00
1.400500059127807617e+00
1.355250000953674316e+00
1.339249968528747559e+00
1.316499948501586914e+00
1.298249959945678711e+00
1.261500000953674316e+00
1.245249986648559570e+00
1.228999972343444824e+00
1.215000033378601074e+00
1.188249945640563965e+00
1.174749970436096191e+00
1.160500049591064453e+00
1.137750029563903809e+00
1.123000025749206543e+00
1.110749959945678711e+00
1.100499987602233887e+00
1.081249952316284180e+00
1.070999979972839355e+00
1.063500046730041504e+00
1.056750059127807617e+00
1.039000034332275391e+00
1.032750010490417480e+00
1.024999976158142090e+00
1.017249941825866699e+00
1.004750013351440430e+00
1.025500059127807617e+00
1.038249969482421875e+00
1.031999945640563965e+00
1.023749947547912598e+00
1.012249946594238281e+00
1.006500005722045898e+00
1.003000020980834961e+00
inf
7.580000162124633789e-01
inf
inf
inf
7.484999895095825195e-01
7.467499971389770508e-01
7.482500076293945312e-01
7.429999709129333496e-01
7.369999885559082031e-01
7.312499880790710449e-01
7.304999828338623047e-01
7.310000061988830566e-01
7.267500162124633789e-01
7.264999747276306152e-01
7.257500290870666504e-01
7.252500057220458984e-01
7.247499823570251465e-01
7.247499823570251465e-01
7.239999771118164062e-01
7.254999876022338867e-01
7.277500033378601074e-01
7.307500243186950684e-01
7.310000061988830566e-01
7.362499833106994629e-01
7.367500066757202148e-01
7.427499890327453613e-01
7.397500276565551758e-01
7.467499971389770508e-01
7.484999895095825195e-01
inf
inf
inf
9.622499942779541016e-01
9.664999842643737793e-01
9.739999771118164062e-01
9.772499799728393555e-01
9.832500219345092773e-01
9.892500042915344238e-01
9.972500205039978027e-01
1.002249956130981445e+00
1.006500005722045898e+00
1.017750024795532227e+00
1.023000001907348633e+00
1.031000018119812012e+00
1.038499951362609863e+00
1.052999973297119141e+00
1.062250018119812012e+00
1.067250013351440430e+00
1.076750040054321289e+00
1.082749962806701660e+00
1.101500034332275391e+00
1.112750053405761719e+00
1.122249960899353027e+00
1.476250052452087402e+00
