1.628999948501586914e+00
1.649749994277954102e+00
1.660750031471252441e+00
1.682250022888183594e+00
1.697250008583068848e+00
1.669999957084655762e+00
1.595999956130981445e+00
1.572250008583068848e+00
1.545750021934509277e+00
1.512249946594238281e+00
1.484500050544738770e+00
1.457749962806701660e+00
1.431499958038330078e+00
1.381250023841857910e+00
1.362249970436096191e+00
1.342749953269958496e+00
1.321499943733215332e+00
1.286749958992004395e+00
1.266499996185302734e+00
1.245749950408935547e+00
1.231500029563903809e+00
1.215749979019165039e+00
1.191249966621398926e+00
1.175750017166137695e+00
1.164749979972839355e+00
1.151749968528747559e+00
1.143249988555908203e+00
1.115749955177307129e+00
1.103500008583068848e+00
1.092749953269958496e+00
1.091500043869018555e+00
1.080749988555908203e+00
1.071750044822692871e+00
1.053750038146972656e+00
1.049000024795532227e+00
1.039000034332275391e+00
1.031999945640563965e+00
1.025750041007995605e+00
1.011250019073486328e+00
1.005749940872192383e+00
1.000000000000000000e+00
9.955000281333923340e-01
9.882500171661376953e-01
9.767500162124633789e-01
9.745000004768371582e-01
1.019000053405761719e+00
1.013499975204467773e+00
1.006250023841857910e+00
9.997500181198120117e-01
9.975000023841857910e-01
9.917500019073486328e-01
9.900000095367431641e-01
9.850000143051147461e-01
9.822499752044677734e-01
9.762499928474426270e-01
9.772499799728393555e-01
7.440000176429748535e-01
7.457500100135803223e-01
7.467499971389770508e-01
7.477499842643737793e-01
7.467499971389770508e-01
7.465000152587890625e-01
7.457500100135803223e-01
7.482500076293945312e-01
7.490000128746032715e-01
7.500000000000000000e-01
7.524999976158142090e-01
7.549999952316284180e-01
7.652500271797180176e-01
7.617499828338623047e-01
7.732499837875366211e-01
inf
inf
inf
inf
inf
inf
inf
inf
inf
inf
inf
inf
inf
inf
inf
inf
inf
1.067000031471252441e+00
1.075250029563903809e+00
1.091249942779541016e+00
1.097249984741210938e+00
1.104750037193298340e+00
1.111750006675720215e+00
1.122499942779541016e+00
1.134250044822692871e+00
1.157250046730041504e+00
1.155750036239624023e+00
1.093500018119812012e+00
1.058249950408935547e+00
9.607499837875366211e-01
9.232500195503234863e-01
8.847500085830688477e-01
8.895000219345092773e-01
8.999999761581420898e-01
8.192499876022338867e-01
inf
inf
inf
inf
inf
inf
inf
inf
inf
inf
inf
inf
inf
inf
