inf
2.409999966621398926e-01
2.477499991655349731e-01
2.592499852180480957e-01
2.727499902248382568e-01
inf
inf
inf
inf
inf
1.347000002861022949e+00
1.348999977111816406e+00
1.348749995231628418e+00
1.345749974250793457e+00
1.371999979019165039e+00
1.369750022888183594e+00
1.389500021934509277e+00
1.399999976158142090e+00
1.406000018119812012e+00
1.417500019073486328e+00
1.427999973297119141e+00
1.445999979972839355e+00
1.453500032424926758e+00
1.469249963760375977e+00
1.482499957084655762e+00
1.496500015258789062e+00
1.472249984741210938e+00
1.457000017166137695e+00
1.412750005722045898e+00
1.390249967575073242e+00
1.325250029563903809e+00
inf
6.134999990463256836e-01
6.622499823570251465e-01
1.195999979972839355e+00
1.188249945640563965e+00
inf
inf
1.090250015258789062e+00
1.093250036239624023e+00
1.073250055313110352e+00
1.072250008583068848e+00
1.061750054359436035e+00
1.014250040054321289e+00
1.010499954223632812e+00
1.001250028610229492e+00
9.919999837875366211e-01
9.742500185966491699e-01
9.582499861717224121e-01
9.482499957084655762e-01
9.372500181198120117e-01
9.200000166893005371e-01
9.100000262260437012e-01
8.987500071525573730e-01
8.914999961853027344e-01
8.845000267028808594e-01
8.675000071525573730e-01
8.615000247955322266e-01
8.544999957084655762e-01
8.492500185966491699e-01
8.370000123977661133e-01
8.302500247955322266e-01
8.259999752044677734e-01
8.215000033378601074e-01
8.115000128746032715e-01
8.080000281333923340e-01
8.027499914169311523e-01
7.990000247955322266e-01
7.925000190734863281e-01
7.889999747276306152e-01
7.977499961853027344e-01
8.287500143051147461e-01
8.240000009536743164e-01
8.184999823570251465e-01
8.159999847412109375e-01
8.137500286102294922e-01
8.107500076293945312e-01
8.054999709129333496e-01
8.050000071525573730e-01
8.000000119209289551e-01
8.004999756813049316e-01
7.982500195503234863e-01
7.969999909400939941e-01
5.885000228881835938e-01
5.752500295639038086e-01
5.820000171661376953e-01
5.797500014305114746e-01
5.812500119209289551e-01
5.805000066757202148e-01
5.820000171661376953e-01
5.924999713897705078e-01
5.907499790191650391e-01
5.910000205039978027e-01
5.929999947547912598e-01
5.939999818801879883e-01
5.962499976158142090e-01
inf
inf
inf
inf
inf
inf
inf
inf
inf
inf
inf
inf
inf
inf
inf
inf
inf
inf
inf
inf
inf
inf
inf
inf
