4.962500035762786865e-01
5.040000081062316895e-01
5.127500295639038086e-01
5.285000205039978027e-01
5.447499752044677734e-01
5.699999928474426270e-01
inf
inf
4.650249958038330078e+00
1.753000020980834961e+00
1.678500056266784668e+00
1.571249961853027344e+00
1.579749941825866699e+00
1.585999965667724609e+00
1.593500018119812012e+00
1.511500000953674316e+00
1.511999964714050293e+00
1.628999948501586914e+00
1.635499954223632812e+00
1.664000034332275391e+00
1.669250011444091797e+00
1.684000015258789062e+00
1.695250034332275391e+00
1.710999965667724609e+00
1.735249996185302734e+00
1.753250002861022949e+00
1.768000006675720215e+00
1.736250042915344238e+00
1.661000013351440430e+00
1.626500010490417480e+00
1.594499945640563965e+00
1.534749984741210938e+00
1.504500031471252441e+00
1.472499966621398926e+00
1.447000026702880859e+00
1.401499986648559570e+00
1.379750013351440430e+00
1.358749985694885254e+00
1.340000033378601074e+00
1.300500035285949707e+00
1.278749942779541016e+00
1.260249972343444824e+00
1.227749943733215332e+00
1.214249968528747559e+00
1.202250003814697266e+00
1.188500046730041504e+00
1.158750057220458984e+00
1.145750045776367188e+00
1.131999969482421875e+00
1.120000004768371582e+00
1.100749969482421875e+00
1.092749953269958496e+00
1.080000042915344238e+00
1.060250043869018555e+00
1.053750038146972656e+00
1.045750021934509277e+00
1.038249969482421875e+00
1.031000018119812012e+00
1.016000032424926758e+00
1.009250044822692871e+00
1.025249958038330078e+00
1.042500019073486328e+00
1.028749942779541016e+00
1.021999955177307129e+00
1.016499996185302734e+00
1.009500026702880859e+00
inf
7.599999904632568359e-01
inf
7.597500085830688477e-01
inf
inf
7.467499971389770508e-01
7.467499971389770508e-01
7.484999895095825195e-01
7.429999709129333496e-01
7.369999885559082031e-01
7.315000295639038086e-01
7.315000295639038086e-01
7.292500138282775879e-01
7.277500033378601074e-01
7.250000238418579102e-01
7.245000004768371582e-01
7.239999771118164062e-01
7.235000133514404297e-01
7.257500290870666504e-01
7.245000004768371582e-01
7.257500290870666504e-01
7.285000085830688477e-01
7.279999852180480957e-01
7.322499752044677734e-01
7.317500114440917969e-01
7.369999885559082031e-01
7.397500276565551758e-01
7.482500076293945312e-01
7.465000152587890625e-01
7.465000152587890625e-01
7.612500190734863281e-01
inf
9.582499861717224121e-01
9.642500281333923340e-01
9.695000052452087402e-01
9.737499952316284180e-01
9.825000166893005371e-01
9.869999885559082031e-01
9.915000200271606445e-01
9.982500076293945312e-01
1.002249956130981445e+00
1.013499975204467773e+00
1.017750024795532227e+00
1.026499986648559570e+00
1.031749963760375977e+00
1.040750026702880859e+00
1.056750059127807617e+00
7.404999732971191406e-01
7.412499785423278809e-01
7.500000000000000000e-01
7.534999847412109375e-01
7.570000290870666504e-01
7.639999985694885254e-01
