6.790000200271606445e-01
6.804999709129333496e-01
6.822500228881835938e-01
6.834999918937683105e-01
6.850000023841857910e-01
6.862499713897705078e-01
inf
3.919999897480010986e-01
3.672499954700469971e-01
3.572500050067901611e-01
inf
3.662500083446502686e-01
3.614999949932098389e-01
3.585000038146972656e-01
3.770000040531158447e-01
3.729999959468841553e-01
inf
5.450000166893005371e-01
5.417500138282775879e-01
5.199999809265136719e-01
5.199999809265136719e-01
5.207499861717224121e-01
5.270000100135803223e-01
5.220000147819519043e-01
5.205000042915344238e-01
5.167499780654907227e-01
5.095000267028808594e-01
5.037500262260437012e-01
4.959999918937683105e-01
4.959999918937683105e-01
4.909999966621398926e-01
4.877499938011169434e-01
4.855000078678131104e-01
4.749999940395355225e-01
4.737499952316284180e-01
4.709999859333038330e-01
4.727500081062316895e-01
inf
5.339999794960021973e-01
5.492500066757202148e-01
inf
5.507500171661376953e-01
5.527499914169311523e-01
5.619999766349792480e-01
inf
inf
inf
inf
inf
inf
inf
inf
inf
inf
inf
inf
inf
3.359999954700469971e-01
3.142499923706054688e-01
inf
inf
2.779999971389770508e-01
2.720000147819519043e-01
2.680000066757202148e-01
inf
2.652499973773956299e-01
2.612499892711639404e-01
2.602500021457672119e-01
2.562499940395355225e-01
inf
2.552500069141387939e-01
2.532500028610229492e-01
2.532500028610229492e-01
2.547500133514404297e-01
2.532500028610229492e-01
2.549999952316284180e-01
2.554999887943267822e-01
2.587499916553497314e-01
inf
inf
inf
4.320000112056732178e-01
4.287500083446502686e-01
4.255000054836273193e-01
4.232499897480010986e-01
4.225000143051147461e-01
4.205000102519989014e-01
4.189999997615814209e-01
4.187499880790710449e-01
4.189999997615814209e-01
4.197500050067901611e-01
4.194999933242797852e-01
4.207499921321868896e-01
4.237500131130218506e-01
4.250000119209289551e-01
4.264999926090240479e-01
4.309999942779541016e-01
4.320000112056732178e-01
4.347499907016754150e-01
4.372499883174896240e-01
4.449999928474426270e-01
4.452500045299530029e-01
inf
inf
4.729999899864196777e-01
inf
9.712499976158142090e-01
9.775000214576721191e-01
9.825000166893005371e-01
9.875000119209289551e-01
9.944999814033508301e-01
1.011749982833862305e+00
1.016749978065490723e+00
1.025500059127807617e+00
1.033499956130981445e+00
1.042250037193298340e+00
1.047999978065490723e+00
1.067250013351440430e+00
1.077250003814697266e+00
1.091249942779541016e+00
