6.787499785423278809e-01
6.804999709129333496e-01
6.812499761581420898e-01
6.847500205039978027e-01
6.852499842643737793e-01
6.872500181198120117e-01
4.252499938011169434e-01
3.980000019073486328e-01
3.914999961853027344e-01
3.572500050067901611e-01
3.577499985694885254e-01
3.664999902248382568e-01
3.682500123977661133e-01
3.582499921321868896e-01
3.790000081062316895e-01
3.725000023841857910e-01
inf
5.457500219345092773e-01
5.419999957084655762e-01
5.342500209808349609e-01
5.207499861717224121e-01
5.292500257492065430e-01
5.237500071525573730e-01
5.220000147819519043e-01
5.205000042915344238e-01
5.167499780654907227e-01
5.055000185966491699e-01
5.037500262260437012e-01
5.034999847412109375e-01
4.962500035762786865e-01
4.912500083446502686e-01
4.884999990463256836e-01
4.790000021457672119e-01
4.769999980926513672e-01
4.740000069141387939e-01
4.709999859333038330e-01
4.749999940395355225e-01
4.752500057220458984e-01
5.375000238418579102e-01
5.460000038146972656e-01
inf
5.492500066757202148e-01
5.525000095367431641e-01
5.662500262260437012e-01
inf
inf
inf
inf
inf
inf
inf
3.165000081062316895e-01
3.095000088214874268e-01
2.952499985694885254e-01
2.867499887943267822e-01
2.824999988079071045e-01
2.697499990463256836e-01
inf
2.682499885559082031e-01
inf
2.592499852180480957e-01
inf
2.560000121593475342e-01
2.532500028610229492e-01
2.524999976158142090e-01
inf
2.507500052452087402e-01
2.502500116825103760e-01
2.475000023841857910e-01
2.477499991655349731e-01
inf
2.475000023841857910e-01
2.472500056028366089e-01
2.467499971389770508e-01
2.487500011920928955e-01
2.492499947547912598e-01
2.557500004768371582e-01
inf
inf
inf
4.452500045299530029e-01
4.300000071525573730e-01
4.295000135898590088e-01
4.247500002384185791e-01
4.227499961853027344e-01
4.207499921321868896e-01
4.187499880790710449e-01
4.180000126361846924e-01
4.165000021457672119e-01
inf
4.172500073909759521e-01
4.185000061988830566e-01
4.194999933242797852e-01
4.205000102519989014e-01
4.244999885559082031e-01
4.267500042915344238e-01
4.277499914169311523e-01
4.297499954700469971e-01
4.312500059604644775e-01
4.372499883174896240e-01
4.424999952316284180e-01
4.462499916553497314e-01
inf
inf
inf
inf
9.670000076293945312e-01
9.767500162124633789e-01
9.817500114440917969e-01
9.937499761581420898e-01
1.000249981880187988e+00
1.007750034332275391e+00
1.013000011444091797e+00
1.021749973297119141e+00
1.038249969482421875e+00
1.044499993324279785e+00
1.055500030517578125e+00
1.065500020980834961e+00
1.072749972343444824e+00
1.092249989509582520e+00
