inf
4.314750194549560547e+00
4.359499931335449219e+00
1.510499954223632812e+00
1.413499951362609863e+00
1.332499980926513672e+00
1.328999996185302734e+00
1.334750056266784668e+00
1.338250041007995605e+00
1.342000007629394531e+00
1.349750041961669922e+00
1.343000054359436035e+00
1.361999988555908203e+00
2.469999939203262329e-01
inf
inf
2.495000064373016357e-01
1.854999959468841553e-01
1.800000071525573730e-01
1.772499978542327881e-01
1.749999970197677612e-01
1.735000014305114746e-01
1.702499985694885254e-01
1.642500013113021851e-01
1.609999984502792358e-01
1.592500060796737671e-01
1.577499955892562866e-01
1.572500020265579224e-01
1.567499935626983643e-01
1.560000032186508179e-01
1.560000032186508179e-01
1.560000032186508179e-01
1.560000032186508179e-01
1.572500020265579224e-01
1.589999943971633911e-01
inf
inf
inf
1.550000011920928955e-01
1.449999958276748657e-01
1.427499949932098389e-01
1.422500014305114746e-01
1.417499929666519165e-01
1.412499994039535522e-01
inf
inf
inf
inf
inf
inf
inf
9.017500281333923340e-01
8.942499756813049316e-01
8.840000033378601074e-01
8.675000071525573730e-01
8.615000247955322266e-01
8.532500267028808594e-01
8.485000133514404297e-01
8.362500071525573730e-01
8.297500014305114746e-01
8.257499933242797852e-01
8.202499747276306152e-01
8.162500262260437012e-01
8.054999709129333496e-01
8.027499914169311523e-01
7.990000247955322266e-01
7.947499752044677734e-01
7.885000109672546387e-01
8.087499737739562988e-01
8.277500271797180176e-01
8.232499957084655762e-01
8.209999799728393555e-01
8.122500181198120117e-01
8.112499713897705078e-01
8.090000152587890625e-01
8.057500123977661133e-01
8.050000071525573730e-01
8.000000119209289551e-01
8.004999756813049316e-01
7.977499961853027344e-01
7.969999909400939941e-01
5.784999728202819824e-01
5.752500295639038086e-01
5.795000195503234863e-01
5.787500143051147461e-01
5.795000195503234863e-01
5.812500119209289551e-01
5.839999914169311523e-01
5.799999833106994629e-01
5.907499790191650391e-01
5.910000205039978027e-01
5.952500104904174805e-01
5.952500104904174805e-01
inf
inf
inf
inf
inf
inf
inf
inf
inf
inf
inf
inf
inf
inf
inf
inf
inf
inf
inf
inf
inf
inf
inf
inf
inf
9.545000195503234863e-01
9.637500047683715820e-01
