1.276250004768371582e+00
1.245749950408935547e+00
1.200999975204467773e+00
1.175250053405761719e+00
1.151000022888183594e+00
1.128250002861022949e+00
inf
1.086750030517578125e+00
1.048249959945678711e+00
1.029000043869018555e+00
1.012500047683715820e+00
9.777500033378601074e-01
9.627500176429748535e-01
9.470000267028808594e-01
9.325000047683715820e-01
9.190000295639038086e-01
8.899999856948852539e-01
8.774999976158142090e-01
8.667500019073486328e-01
8.429999947547912598e-01
8.339999914169311523e-01
8.257499933242797852e-01
8.137500286102294922e-01
7.982500195503234863e-01
7.882500290870666504e-01
7.804999947547912598e-01
7.737500071525573730e-01
7.745000123977661133e-01
8.057500123977661133e-01
7.957500219345092773e-01
7.877500057220458984e-01
7.804999947547912598e-01
7.745000123977661133e-01
inf
inf
inf
5.320000052452087402e-01
inf
inf
inf
inf
inf
inf
4.855000078678131104e-01
4.842500090599060059e-01
inf
inf
inf
6.850000023841857910e-01
6.827499866485595703e-01
inf
inf
6.715000271797180176e-01
inf
6.719999909400939941e-01
6.687499880790710449e-01
inf
inf
inf
inf
4.652499854564666748e-01
inf
inf
inf
inf
inf
inf
3.869999945163726807e-01
inf
inf
inf
inf
inf
inf
inf
inf
inf
inf
4.580000042915344238e-01
inf
4.444999992847442627e-01
4.365000128746032715e-01
4.132499992847442627e-01
inf
4.127500057220458984e-01
inf
3.914999961853027344e-01
inf
inf
3.774999976158142090e-01
3.697499930858612061e-01
inf
3.600000143051147461e-01
3.600000143051147461e-01
inf
3.497500121593475342e-01
3.447499871253967285e-01
3.347499966621398926e-01
inf
3.332499861717224121e-01
inf
3.227500021457672119e-01
3.227500021457672119e-01
3.215000033378601074e-01
3.194999992847442627e-01
3.134999871253967285e-01
3.134999871253967285e-01
3.095000088214874268e-01
3.067499995231628418e-01
3.017500042915344238e-01
3.017500042915344238e-01
3.005000054836273193e-01
2.877500057220458984e-01
2.942500114440917969e-01
inf
inf
2.912499904632568359e-01
2.897500097751617432e-01
2.877500057220458984e-01
2.877500057220458984e-01
