1.261500000953674316e+00
1.233250021934509277e+00
1.207749962806701660e+00
1.182250022888183594e+00
1.159250020980834961e+00
1.111750006675720215e+00
1.088750004768371582e+00
1.068500041961669922e+00
1.052749991416931152e+00
1.029999971389770508e+00
1.011749982833862305e+00
9.769999980926513672e-01
9.595000147819519043e-01
9.459999799728393555e-01
9.309999942779541016e-01
9.150000214576721191e-01
8.880000114440917969e-01
8.747500181198120117e-01
8.617500066757202148e-01
8.512499928474426270e-01
8.402500152587890625e-01
8.195000290870666504e-01
8.087499737739562988e-01
8.019999861717224121e-01
7.914999723434448242e-01
7.754999995231628418e-01
7.689999938011169434e-01
7.854999899864196777e-01
8.027499914169311523e-01
7.977499961853027344e-01
7.902500033378601074e-01
7.812500000000000000e-01
7.739999890327453613e-01
inf
inf
5.002499818801879883e-01
inf
inf
inf
inf
inf
inf
inf
inf
inf
inf
inf
inf
6.855000257492065430e-01
6.827499866485595703e-01
inf
inf
inf
6.807500123977661133e-01
6.719999909400939941e-01
inf
inf
inf
inf
inf
inf
inf
inf
inf
inf
inf
inf
inf
inf
inf
3.607499897480010986e-01
inf
inf
inf
inf
inf
inf
inf
4.555000066757202148e-01
inf
4.444999992847442627e-01
4.297499954700469971e-01
4.167500138282775879e-01
4.087499976158142090e-01
inf
inf
inf
inf
3.792499899864196777e-01
3.702499866485595703e-01
3.692499995231628418e-01
3.670000135898590088e-01
3.622500002384185791e-01
3.592500090599060059e-01
3.499999940395355225e-01
inf
3.384999930858612061e-01
inf
3.382500112056732178e-01
3.332499861717224121e-01
inf
3.192499876022338867e-01
3.227500021457672119e-01
3.197500109672546387e-01
3.162499964237213135e-01
3.134999871253967285e-01
3.092499971389770508e-01
3.009999990463256836e-01
3.092499971389770508e-01
3.057500123977661133e-01
3.057500123977661133e-01
2.969999909400939941e-01
2.967500090599060059e-01
2.987500131130218506e-01
2.949999868869781494e-01
inf
2.912499904632568359e-01
2.912499904632568359e-01
inf
2.877500057220458984e-01
