inf
inf
inf
7.770999908447265625e+00
7.768000125885009766e+00
inf
7.378499984741210938e+00
inf
inf
7.958250045776367188e+00
inf
1.562749981880187988e+00
1.457000017166137695e+00
1.432000041007995605e+00
1.437250018119812012e+00
1.442000031471252441e+00
inf
1.440000057220458984e+00
inf
1.472499966621398926e+00
1.476250052452087402e+00
1.482750058174133301e+00
1.490000009536743164e+00
1.505249977111816406e+00
1.517249941825866699e+00
1.526000022888183594e+00
1.536000013351440430e+00
1.549999952316284180e+00
7.652500271797180176e-01
7.509999871253967285e-01
inf
1.514500021934509277e+00
1.477499961853027344e+00
1.394500017166137695e+00
1.371999979019165039e+00
1.337749958038330078e+00
1.277999997138977051e+00
1.253499984741210938e+00
1.227499961853027344e+00
1.205749988555908203e+00
1.180750012397766113e+00
1.136500000953674316e+00
1.116000056266784668e+00
1.098250031471252441e+00
1.066249966621398926e+00
1.048499941825866699e+00
1.029749989509582520e+00
1.015249967575073242e+00
9.852499961853027344e-01
9.720000028610229492e-01
9.562500119209289551e-01
9.465000033378601074e-01
9.200000166893005371e-01
9.082499742507934570e-01
8.970000147819519043e-01
8.867499828338623047e-01
8.740000128746032715e-01
8.544999957084655762e-01
8.477500081062316895e-01
8.399999737739562988e-01
8.299999833106994629e-01
8.147500157356262207e-01
8.080000281333923340e-01
8.009999990463256836e-01
7.929999828338623047e-01
7.799999713897705078e-01
7.737500071525573730e-01
7.689999938011169434e-01
7.852500081062316895e-01
8.022500276565551758e-01
7.967500090599060059e-01
7.894999980926513672e-01
7.847499847412109375e-01
7.735000252723693848e-01
7.689999938011169434e-01
7.652500271797180176e-01
7.622500061988830566e-01
inf
5.649999976158142090e-01
inf
inf
5.285000205039978027e-01
5.295000076293945312e-01
5.325000286102294922e-01
5.210000276565551758e-01
5.205000042915344238e-01
5.172500014305114746e-01
5.174999833106994629e-01
5.157499909400939941e-01
5.149999856948852539e-01
5.137500166893005371e-01
5.127500295639038086e-01
5.130000114440917969e-01
5.130000114440917969e-01
5.139999985694885254e-01
5.139999985694885254e-01
5.152500271797180176e-01
5.155000090599060059e-01
5.162500143051147461e-01
5.197499990463256836e-01
5.277500152587890625e-01
5.277500152587890625e-01
5.285000205039978027e-01
5.285000205039978027e-01
inf
inf
inf
inf
inf
inf
inf
inf
inf
inf
inf
inf
inf
inf
inf
inf
