1.287250041961669922e+00
1.251500010490417480e+00
1.202000021934509277e+00
1.177500009536743164e+00
1.151749968528747559e+00
1.130749940872192383e+00
1.087249994277954102e+00
1.066750049591064453e+00
1.048750042915344238e+00
1.029000043869018555e+00
1.011500000953674316e+00
9.762499928474426270e-01
9.597499966621398926e-01
9.442499876022338867e-01
9.290000200271606445e-01
9.142500162124633789e-01
8.872500061988830566e-01
8.727499842643737793e-01
8.617500066757202148e-01
8.502500057220458984e-01
8.407499790191650391e-01
8.195000290870666504e-01
8.117499947547912598e-01
8.009999990463256836e-01
7.922499775886535645e-01
7.760000228881835938e-01
7.680000066757202148e-01
7.827500104904174805e-01
8.002499938011169434e-01
7.997499704360961914e-01
7.829999923706054688e-01
7.762500047683715820e-01
7.677500247955322266e-01
7.637500166893005371e-01
inf
inf
inf
inf
inf
inf
inf
inf
inf
inf
4.850000143051147461e-01
inf
inf
inf
inf
6.837499737739562988e-01
inf
inf
6.759999990463256836e-01
inf
inf
6.715000271797180176e-01
inf
inf
5.575000047683715820e-01
inf
inf
inf
inf
inf
inf
inf
inf
3.869999945163726807e-01
inf
inf
inf
inf
inf
inf
inf
inf
inf
inf
4.625000059604644775e-01
inf
4.452500045299530029e-01
inf
4.257499873638153076e-01
4.115000069141387939e-01
inf
inf
3.914999961853027344e-01
inf
inf
3.774999976158142090e-01
3.692499995231628418e-01
3.607499897480010986e-01
3.592500090599060059e-01
3.562499880790710449e-01
3.497500121593475342e-01
3.497500121593475342e-01
3.442499935626983643e-01
3.382500112056732178e-01
3.384999930858612061e-01
3.347499966621398926e-01
inf
3.192499876022338867e-01
3.227500021457672119e-01
inf
3.192499876022338867e-01
3.134999871253967285e-01
3.134999871253967285e-01
3.095000088214874268e-01
3.014999926090240479e-01
3.007499873638153076e-01
3.007499873638153076e-01
3.007499873638153076e-01
2.987500131130218506e-01
2.987500131130218506e-01
2.964999973773956299e-01
inf
inf
2.877500057220458984e-01
2.877500057220458984e-01
2.892499864101409912e-01
