6.787499785423278809e-01
6.815000176429748535e-01
6.822500228881835938e-01
6.827499866485595703e-01
6.850000023841857910e-01
6.865000128746032715e-01
4.034999907016754150e-01
3.955000042915344238e-01
3.704999983310699463e-01
3.557499945163726807e-01
3.637500107288360596e-01
3.692499995231628418e-01
3.754999935626983643e-01
3.605000078678131104e-01
3.552500009536743164e-01
inf
inf
5.504999756813049316e-01
5.375000238418579102e-01
5.230000019073486328e-01
5.197499990463256836e-01
5.295000076293945312e-01
5.214999914169311523e-01
5.197499990463256836e-01
5.217499732971191406e-01
5.252500176429748535e-01
5.097500085830688477e-01
5.027499794960021973e-01
5.007500052452087402e-01
4.932500123977661133e-01
4.970000088214874268e-01
4.884999990463256836e-01
4.842500090599060059e-01
4.812499880790710449e-01
4.740000069141387939e-01
4.720000028610229492e-01
4.745000004768371582e-01
4.767499864101409912e-01
5.375000238418579102e-01
5.450000166893005371e-01
inf
5.435000061988830566e-01
5.602499842643737793e-01
5.655000209808349609e-01
inf
inf
inf
inf
inf
inf
inf
inf
inf
inf
inf
inf
inf
2.714999914169311523e-01
2.602500021457672119e-01
2.569999992847442627e-01
inf
2.500000000000000000e-01
2.460000067949295044e-01
inf
2.440000027418136597e-01
2.427500039339065552e-01
inf
2.412499934434890747e-01
2.402500063180923462e-01
2.399999946355819702e-01
2.402500063180923462e-01
2.389999926090240479e-01
2.389999926090240479e-01
2.397499978542327881e-01
2.392500042915344238e-01
2.392500042915344238e-01
2.409999966621398926e-01
2.412499934434890747e-01
2.437500059604644775e-01
2.447499930858612061e-01
inf
inf
inf
inf
inf
inf
inf
6.287500262260437012e-01
inf
inf
inf
inf
5.709999799728393555e-01
inf
6.157500147819519043e-01
9.142500162124633789e-01
9.177500009536743164e-01
9.192500114440917969e-01
9.235000014305114746e-01
9.272500276565551758e-01
9.297500252723693848e-01
9.382500052452087402e-01
9.430000185966491699e-01
9.480000138282775879e-01
9.527500271797180176e-01
9.622499942779541016e-01
9.682499766349792480e-01
9.757500290870666504e-01
inf
inf
5.469999909400939941e-01
5.460000038146972656e-01
5.444999933242797852e-01
5.450000166893005371e-01
5.467500090599060059e-01
5.537499785423278809e-01
5.567499995231628418e-01
5.644999742507934570e-01
inf
1.087000012397766113e+00
