inf
inf
1.552250027656555176e+00
1.554250001907348633e+00
1.557000041007995605e+00
1.564000010490417480e+00
1.555750012397766113e+00
1.591750025749206543e+00
1.600499987602233887e+00
1.608250021934509277e+00
1.617249965667724609e+00
1.640499949455261230e+00
1.649999976158142090e+00
1.659250020980834961e+00
1.669499993324279785e+00
1.685500025749206543e+00
1.713999986648559570e+00
1.730000019073486328e+00
1.687250018119812012e+00
1.651999950408935547e+00
1.593999981880187988e+00
1.557000041007995605e+00
8.872500061988830566e-01
8.997499942779541016e-01
1.444249987602233887e+00
1.421000003814697266e+00
1.396749973297119141e+00
1.378749966621398926e+00
1.336249947547912598e+00
1.317499995231628418e+00
1.298750042915344238e+00
1.278249979019165039e+00
1.244250059127807617e+00
1.228749990463256836e+00
1.215250015258789062e+00
1.199249982833862305e+00
1.174499988555908203e+00
1.159500002861022949e+00
1.146749973297119141e+00
1.131500005722045898e+00
1.110499978065490723e+00
1.100749969482421875e+00
1.092000007629394531e+00
1.080749988555908203e+00
1.063249945640563965e+00
1.052000045776367188e+00
1.045500040054321289e+00
1.036000013351440430e+00
1.021749973297119141e+00
1.013749957084655762e+00
1.008000016212463379e+00
9.992499947547912598e-01
9.872499704360961914e-01
9.825000166893005371e-01
9.807500243186950684e-01
1.014000058174133301e+00
1.011999964714050293e+00
1.001749992370605469e+00
9.980000257492065430e-01
9.897500276565551758e-01
9.860000014305114746e-01
9.767500162124633789e-01
inf
7.375000119209289551e-01
inf
7.375000119209289551e-01
7.375000119209289551e-01
7.375000119209289551e-01
7.354999780654907227e-01
7.352499961853027344e-01
7.289999723434448242e-01
7.239999771118164062e-01
7.232499718666076660e-01
7.232499718666076660e-01
7.162500023841857910e-01
7.145000100135803223e-01
7.139999866485595703e-01
7.137500047683715820e-01
7.127500176429748535e-01
7.135000228881835938e-01
7.129999995231628418e-01
7.139999866485595703e-01
7.170000076293945312e-01
7.242500185966491699e-01
7.227500081062316895e-01
7.242500185966491699e-01
7.289999723434448242e-01
7.357500195503234863e-01
7.375000119209289551e-01
7.375000119209289551e-01
7.375000119209289551e-01
inf
inf
inf
inf
inf
inf
9.677500128746032715e-01
9.727500081062316895e-01
9.840000271797180176e-01
9.847499728202819824e-01
9.907500147819519043e-01
9.990000128746032715e-01
1.008999943733215332e+00
1.016000032424926758e+00
1.021250009536743164e+00
1.026250004768371582e+00
1.032250046730041504e+00
1.048249959945678711e+00
1.053750038146972656e+00
1.062500000000000000e+00
1.069749951362609863e+00
1.084249973297119141e+00
1.095999956130981445e+00
1.104500055313110352e+00
1.114249944686889648e+00
1.120499968528747559e+00
1.147750020027160645e+00
1.475999951362609863e+00
1.444749951362609863e+00
