inf
inf
inf
inf
inf
inf
inf
inf
inf
inf
inf
inf
inf
inf
5.497499704360961914e-01
5.500000119209289551e-01
inf
inf
7.505000233650207520e-01
7.487499713897705078e-01
7.437499761581420898e-01
7.415000200271606445e-01
7.404999732971191406e-01
7.352499961853027344e-01
7.350000143051147461e-01
7.317500114440917969e-01
7.327499985694885254e-01
7.304999828338623047e-01
7.287499904632568359e-01
7.279999852180480957e-01
7.260000109672546387e-01
7.269999980926513672e-01
7.269999980926513672e-01
7.279999852180480957e-01
7.279999852180480957e-01
7.277500033378601074e-01
7.289999723434448242e-01
4.535000026226043701e-01
4.505000114440917969e-01
4.524999856948852539e-01
4.512499868869781494e-01
4.507499933242797852e-01
4.505000114440917969e-01
4.502499997615814209e-01
4.494999945163726807e-01
4.492500126361846924e-01
4.544999897480010986e-01
4.505000114440917969e-01
4.512499868869781494e-01
4.532499909400939941e-01
4.552499949932098389e-01
4.575000107288360596e-01
4.584999978542327881e-01
4.612500071525573730e-01
4.629999995231628418e-01
5.030000209808349609e-01
5.034999847412109375e-01
5.012500286102294922e-01
5.042499899864196777e-01
5.055000185966491699e-01
5.062500238418579102e-01
5.137500166893005371e-01
5.289999842643737793e-01
5.295000076293945312e-01
5.465000271797180176e-01
5.287500023841857910e-01
5.055000185966491699e-01
5.032500028610229492e-01
5.052499771118164062e-01
5.092499852180480957e-01
5.159999728202819824e-01
5.205000042915344238e-01
5.245000123977661133e-01
5.295000076293945312e-01
5.354999899864196777e-01
inf
7.712500095367431641e-01
7.597500085830688477e-01
7.394999861717224121e-01
7.337499856948852539e-01
7.200000286102294922e-01
7.179999947547912598e-01
7.042499780654907227e-01
6.997500061988830566e-01
6.742500066757202148e-01
6.804999709129333496e-01
6.560000181198120117e-01
6.520000100135803223e-01
6.470000147819519043e-01
6.399999856948852539e-01
6.307500004768371582e-01
6.302499771118164062e-01
6.272500157356262207e-01
6.117500066757202148e-01
6.205000281333923340e-01
6.132500171661376953e-01
6.035000085830688477e-01
6.067500114440917969e-01
6.007500290870666504e-01
5.957499742507934570e-01
5.847499966621398926e-01
5.907499790191650391e-01
5.737500190734863281e-01
5.784999728202819824e-01
5.817499756813049316e-01
5.817499756813049316e-01
5.707499980926513672e-01
5.657500028610229492e-01
5.720000267028808594e-01
5.627499818801879883e-01
5.584999918937683105e-01
5.600000023841857910e-01
5.584999918937683105e-01
5.559999942779541016e-01
5.542500019073486328e-01
5.537499785423278809e-01
5.540000200271606445e-01
5.552499890327453613e-01
5.529999732971191406e-01
5.532500147819519043e-01
