1.145750045776367188e+00
1.134999990463256836e+00
1.122249960899353027e+00
1.113999962806701660e+00
1.101999998092651367e+00
1.103500008583068848e+00
1.094249963760375977e+00
1.091249942779541016e+00
1.094499945640563965e+00
1.118000030517578125e+00
1.113999962806701660e+00
1.107750058174133301e+00
1.101750016212463379e+00
1.095000028610229492e+00
1.090999960899353027e+00
1.086249947547912598e+00
1.083250045776367188e+00
1.081500053405761719e+00
1.076249957084655762e+00
inf
8.457499742507934570e-01
8.467500209808349609e-01
8.460000157356262207e-01
8.470000028610229492e-01
8.445000052452087402e-01
8.437500000000000000e-01
8.392500281333923340e-01
8.537499904632568359e-01
1.062000036239624023e+00
1.062250018119812012e+00
1.062250018119812012e+00
1.067000031471252441e+00
1.065500020980834961e+00
1.067999958992004395e+00
1.070000052452087402e+00
1.072749972343444824e+00
1.073500037193298340e+00
1.076500058174133301e+00
1.085500001907348633e+00
1.085749983787536621e+00
1.088000059127807617e+00
1.092249989509582520e+00
1.095749974250793457e+00
1.100749969482421875e+00
1.111250042915344238e+00
1.114750027656555176e+00
1.120249986648559570e+00
1.127249956130981445e+00
1.141000032424926758e+00
1.147500038146972656e+00
1.155750036239624023e+00
1.162750005722045898e+00
1.171249985694885254e+00
1.190500020980834961e+00
1.195000052452087402e+00
1.205500006675720215e+00
1.213750004768371582e+00
1.224249958992004395e+00
1.238499999046325684e+00
1.248499989509582520e+00
1.271749973297119141e+00
1.286749958992004395e+00
1.292999982833862305e+00
1.284000039100646973e+00
1.293750047683715820e+00
1.304250001907348633e+00
1.320500016212463379e+00
1.336750030517578125e+00
1.368499994277954102e+00
1.383499979972839355e+00
1.417500019073486328e+00
1.529250025749206543e+00
1.800500035285949707e+00
1.781000018119812012e+00
1.761250019073486328e+00
1.731999993324279785e+00
1.696249961853027344e+00
1.677999973297119141e+00
1.669499993324279785e+00
1.625749945640563965e+00
1.610000014305114746e+00
1.595250010490417480e+00
1.564749956130981445e+00
1.555250048637390137e+00
1.534250020980834961e+00
1.525750041007995605e+00
1.511500000953674316e+00
1.483749985694885254e+00
1.476500034332275391e+00
1.463250041007995605e+00
1.463250041007995605e+00
1.442999958992004395e+00
1.425500035285949707e+00
1.418750047683715820e+00
1.412999987602233887e+00
1.401250004768371582e+00
1.389750003814697266e+00
1.388249993324279785e+00
1.373250007629394531e+00
1.372249960899353027e+00
1.371749997138977051e+00
1.355000019073486328e+00
1.349249958992004395e+00
1.343250036239624023e+00
1.336500048637390137e+00
1.331500053405761719e+00
1.331500053405761719e+00
1.331249952316284180e+00
1.325999975204467773e+00
1.325500011444091797e+00
1.321499943733215332e+00
1.325749993324279785e+00
1.320999979972839355e+00
1.321750044822692871e+00
1.320500016212463379e+00
1.320999979972839355e+00
1.320999979972839355e+00
1.320749998092651367e+00
1.320999979972839355e+00
1.321249961853027344e+00
