1.281250000000000000e+00
1.248999953269958496e+00
1.194249987602233887e+00
1.169000029563903809e+00
1.150750041007995605e+00
1.121500015258789062e+00
1.099499940872192383e+00
1.080500006675720215e+00
1.060750007629394531e+00
1.022750020027160645e+00
1.004999995231628418e+00
9.897500276565551758e-01
9.707499742507934570e-01
9.527500271797180176e-01
9.235000014305114746e-01
9.089999794960021973e-01
8.947499990463256836e-01
8.799999952316284180e-01
8.554999828338623047e-01
8.454999923706054688e-01
8.342499732971191406e-01
8.249999880790710449e-01
8.147500157356262207e-01
8.057500123977661133e-01
7.872499823570251465e-01
7.789999842643737793e-01
7.710000276565551758e-01
7.770000100135803223e-01
8.015000224113464355e-01
7.925000190734863281e-01
7.860000133514404297e-01
7.767500281333923340e-01
7.699999809265136719e-01
7.634999752044677734e-01
inf
inf
inf
inf
inf
inf
inf
inf
inf
4.855000078678131104e-01
inf
inf
inf
inf
inf
6.834999918937683105e-01
inf
inf
6.765000224113464355e-01
inf
6.875000000000000000e-01
6.715000271797180176e-01
inf
inf
inf
inf
4.629999995231628418e-01
inf
inf
inf
inf
inf
inf
inf
inf
inf
inf
inf
inf
inf
inf
inf
inf
inf
4.555000066757202148e-01
inf
4.452500045299530029e-01
4.387499988079071045e-01
4.169999957084655762e-01
4.147500097751617432e-01
inf
inf
inf
inf
inf
inf
3.759999871253967285e-01
3.672499954700469971e-01
3.592500090599060059e-01
3.592500090599060059e-01
3.497500121593475342e-01
inf
inf
3.382500112056732178e-01
3.382500112056732178e-01
3.347499966621398926e-01
3.227500021457672119e-01
3.240000009536743164e-01
3.215000033378601074e-01
3.215000033378601074e-01
3.162499964237213135e-01
3.149999976158142090e-01
3.134999871253967285e-01
3.134999871253967285e-01
3.062500059604644775e-01
3.057500123977661133e-01
3.057500123977661133e-01
3.014999926090240479e-01
inf
3.019999861717224121e-01
2.949999868869781494e-01
inf
2.912499904632568359e-01
2.912499904632568359e-01
2.897500097751617432e-01
2.912499904632568359e-01
