6.802499890327453613e-01
6.815000176429748535e-01
6.817499995231628418e-01
6.830000281333923340e-01
6.840000152587890625e-01
6.862499713897705078e-01
inf
3.927499949932098389e-01
3.680000007152557373e-01
3.577499985694885254e-01
inf
3.650000095367431641e-01
3.687500059604644775e-01
3.600000143051147461e-01
3.672499954700469971e-01
3.732500076293945312e-01
inf
5.460000038146972656e-01
5.429999828338623047e-01
5.342500209808349609e-01
5.195000171661376953e-01
5.295000076293945312e-01
5.270000100135803223e-01
5.197499990463256836e-01
5.210000276565551758e-01
5.189999938011169434e-01
5.099999904632568359e-01
5.002499818801879883e-01
5.000000000000000000e-01
4.947499930858612061e-01
4.972499907016754150e-01
4.884999990463256836e-01
4.850000143051147461e-01
4.782499969005584717e-01
4.740000069141387939e-01
4.715000092983245850e-01
4.745000004768371582e-01
4.767499864101409912e-01
5.372499823570251465e-01
5.440000295639038086e-01
inf
5.435000061988830566e-01
5.522500276565551758e-01
5.640000104904174805e-01
inf
inf
inf
inf
inf
inf
inf
inf
inf
inf
inf
inf
inf
inf
inf
inf
inf
2.820000052452087402e-01
2.767499983310699463e-01
2.742500007152557373e-01
inf
2.655000090599060059e-01
inf
2.622500061988830566e-01
2.594999969005584717e-01
2.587499916553497314e-01
2.565000057220458984e-01
inf
2.532500028610229492e-01
2.547500133514404297e-01
2.547500133514404297e-01
2.549999952316284180e-01
2.560000121593475342e-01
2.585000097751617432e-01
inf
inf
inf
4.312500059604644775e-01
4.297499954700469971e-01
4.244999885559082031e-01
4.239999949932098389e-01
4.227499961853027344e-01
inf
4.202499985694885254e-01
4.189999997615814209e-01
4.187499880790710449e-01
4.189999997615814209e-01
4.197500050067901611e-01
4.217500090599060059e-01
4.239999949932098389e-01
4.252499938011169434e-01
4.295000135898590088e-01
4.312500059604644775e-01
4.327499866485595703e-01
4.342499971389770508e-01
4.375000000000000000e-01
4.422500133514404297e-01
inf
inf
inf
4.637500047683715820e-01
inf
9.707499742507934570e-01
9.757500290870666504e-01
9.819999933242797852e-01
9.872499704360961914e-01
9.950000047683715820e-01
1.008749961853027344e+00
1.018000006675720215e+00
1.024500012397766113e+00
1.031499981880187988e+00
1.041000008583068848e+00
1.059499979019165039e+00
1.067499995231628418e+00
1.077749967575073242e+00
1.086750030517578125e+00
