inf
inf
inf
4.356999874114990234e+00
4.358749866485595703e+00
1.532999992370605469e+00
1.444249987602233887e+00
1.325000047683715820e+00
1.330999970436096191e+00
1.335250020027160645e+00
1.336750030517578125e+00
1.342749953269958496e+00
1.350999951362609863e+00
1.356750011444091797e+00
inf
1.375499963760375977e+00
1.384999990463256836e+00
1.404999971389770508e+00
1.411999940872192383e+00
1.422749996185302734e+00
1.429999947547912598e+00
1.439000010490417480e+00
1.467249989509582520e+00
1.476750016212463379e+00
1.490499973297119141e+00
1.511999964714050293e+00
1.504250049591064453e+00
inf
inf
inf
1.609999984502792358e-01
1.599999964237213135e-01
1.562500000000000000e-01
1.567499935626983643e-01
1.577499955892562866e-01
1.564999967813491821e-01
1.572500020265579224e-01
1.572500020265579224e-01
inf
inf
1.397500038146972656e-01
1.344999969005584717e-01
1.397500038146972656e-01
1.392499953508377075e-01
inf
inf
inf
inf
inf
inf
inf
9.222499728202819824e-01
9.075000286102294922e-01
8.974999785423278809e-01
8.807500004768371582e-01
inf
inf
8.722500205039978027e-01
8.517500162124633789e-01
8.460000157356262207e-01
8.402500152587890625e-01
8.280000090599060059e-01
8.237500190734863281e-01
8.184999823570251465e-01
8.142499923706054688e-01
8.052499890327453613e-01
8.002499938011169434e-01
7.982500195503234863e-01
7.944999933242797852e-01
7.892500162124633789e-01
8.262500166893005371e-01
8.264999985694885254e-01
8.252500295639038086e-01
8.205000162124633789e-01
8.152499794960021973e-01
8.112499713897705078e-01
8.072500228881835938e-01
8.069999814033508301e-01
8.029999732971191406e-01
8.022500276565551758e-01
7.990000247955322266e-01
7.992500066757202148e-01
8.009999990463256836e-01
5.782499909400939941e-01
5.727499723434448242e-01
5.797500014305114746e-01
5.797500014305114746e-01
5.814999938011169434e-01
5.809999704360961914e-01
5.839999914169311523e-01
5.812500119209289551e-01
5.809999704360961914e-01
5.910000205039978027e-01
5.962499976158142090e-01
5.952500104904174805e-01
inf
inf
inf
inf
inf
inf
inf
inf
inf
inf
inf
inf
inf
inf
inf
inf
inf
inf
inf
inf
inf
inf
inf
7.074999809265136719e-01
9.882500171661376953e-01
