3.115000128746032715e-01
3.112500011920928955e-01
2.405000030994415283e-01
inf
inf
2.084999978542327881e-01
2.087499946355819702e-01
2.077499926090240479e-01
2.020000070333480835e-01
inf
2.092500030994415283e-01
inf
2.037499994039535522e-01
2.032500058412551880e-01
inf
2.077499926090240479e-01
inf
inf
inf
inf
inf
1.534999966621398926e+00
1.503499984741210938e+00
1.479249954223632812e+00
1.452250003814697266e+00
1.428500056266784668e+00
1.394500017166137695e+00
1.373749971389770508e+00
1.358999967575073242e+00
1.335749983787536621e+00
1.299250006675720215e+00
1.282999992370605469e+00
1.270249962806701660e+00
1.254250049591064453e+00
1.228000044822692871e+00
1.216500043869018555e+00
1.207000017166137695e+00
1.194249987602233887e+00
1.168750047683715820e+00
1.160500049591064453e+00
1.147750020027160645e+00
1.139250040054321289e+00
1.118999958038330078e+00
1.113499999046325684e+00
1.101500034332275391e+00
1.093999981880187988e+00
1.078750014305114746e+00
1.073250055313110352e+00
1.088500022888183594e+00
1.106250047683715820e+00
1.100499987602233887e+00
1.090000033378601074e+00
1.082749962806701660e+00
1.073750019073486328e+00
inf
inf
inf
inf
inf
inf
inf
inf
inf
inf
inf
8.084999918937683105e-01
8.042500019073486328e-01
8.042500019073486328e-01
8.019999861717224121e-01
7.914999723434448242e-01
7.914999723434448242e-01
7.914999723434448242e-01
7.897499799728393555e-01
7.914999723434448242e-01
inf
inf
inf
inf
inf
inf
inf
inf
inf
inf
inf
1.022500038146972656e+00
1.022750020027160645e+00
1.032250046730041504e+00
1.034999966621398926e+00
1.037999987602233887e+00
1.041499972343444824e+00
1.050250053405761719e+00
1.052999973297119141e+00
1.060500025749206543e+00
1.066499948501586914e+00
1.070749998092651367e+00
1.083500027656555176e+00
1.090749979019165039e+00
1.095000028610229492e+00
1.099750041961669922e+00
1.115000009536743164e+00
1.120000004768371582e+00
1.130749940872192383e+00
1.141250014305114746e+00
1.158499956130981445e+00
1.168750047683715820e+00
1.510750055313110352e+00
1.463500022888183594e+00
1.457749962806701660e+00
1.406749963760375977e+00
1.388249993324279785e+00
1.366000056266784668e+00
1.337249994277954102e+00
1.310750007629394531e+00
1.295250058174133301e+00
1.260499954223632812e+00
1.237249970436096191e+00
1.214499950408935547e+00
1.200999975204467773e+00
1.188249945640563965e+00
