inf
inf
7.958250045776367188e+00
7.770999908447265625e+00
7.958250045776367188e+00
7.774000167846679688e+00
7.958250045776367188e+00
7.958250045776367188e+00
inf
1.686499953269958496e+00
1.570500016212463379e+00
1.475749969482421875e+00
1.480749964714050293e+00
1.482499957084655762e+00
1.485249996185302734e+00
1.494750022888183594e+00
1.503749966621398926e+00
1.516000032424926758e+00
1.518499970436096191e+00
1.526749968528747559e+00
1.538750052452087402e+00
1.554999947547912598e+00
1.557749986648559570e+00
1.565250039100646973e+00
1.574499964714050293e+00
1.586249947547912598e+00
1.608999967575073242e+00
1.619500041007995605e+00
1.602749943733215332e+00
1.558500051498413086e+00
1.477749943733215332e+00
1.440000057220458984e+00
1.410500049591064453e+00
1.373250007629394531e+00
1.309749960899353027e+00
1.284500002861022949e+00
1.256500005722045898e+00
1.232249975204467773e+00
1.185999989509582520e+00
1.164499998092651367e+00
1.142750024795532227e+00
1.121250033378601074e+00
1.086500048637390137e+00
1.067499995231628418e+00
1.054250001907348633e+00
1.036499977111816406e+00
1.007750034332275391e+00
9.912499785423278809e-01
9.764999747276306152e-01
9.649999737739562988e-01
9.397500157356262207e-01
9.290000200271606445e-01
9.157500267028808594e-01
9.052500128746032715e-01
8.912500143051147461e-01
8.702499866485595703e-01
8.622499704360961914e-01
8.532500267028808594e-01
8.452500104904174805e-01
8.367499709129333496e-01
8.212500214576721191e-01
8.149999976158142090e-01
8.087499737739562988e-01
8.017500042915344238e-01
8.297500014305114746e-01
8.330000042915344238e-01
8.242499828338623047e-01
8.190000057220458984e-01
8.072500228881835938e-01
8.019999861717224121e-01
7.954999804496765137e-01
inf
5.517500042915344238e-01
inf
inf
inf
inf
inf
inf
5.425000190734863281e-01
5.389999747276306152e-01
5.364999771118164062e-01
5.347499847412109375e-01
5.367500185966491699e-01
5.264999866485595703e-01
5.262500047683715820e-01
5.245000123977661133e-01
5.252500176429748535e-01
5.245000123977661133e-01
5.222499966621398926e-01
5.242499709129333496e-01
5.222499966621398926e-01
5.227500200271606445e-01
5.239999890327453613e-01
5.242499709129333496e-01
5.245000123977661133e-01
5.247499942779541016e-01
5.282499790191650391e-01
5.342500209808349609e-01
5.329999923706054688e-01
5.347499847412109375e-01
5.400000214576721191e-01
5.389999747276306152e-01
inf
inf
inf
inf
inf
inf
inf
inf
inf
5.649999976158142090e-01
inf
inf
7.847499847412109375e-01
7.917500138282775879e-01
7.957500219345092773e-01
8.009999990463256836e-01
8.132500052452087402e-01
