inf
inf
inf
4.314750194549560547e+00
inf
1.548249959945678711e+00
1.378000020980834961e+00
1.325749993324279785e+00
1.330000042915344238e+00
1.332000017166137695e+00
1.336500048637390137e+00
inf
1.349750041961669922e+00
1.351500034332275391e+00
inf
1.375499963760375977e+00
1.384250044822692871e+00
1.404999971389770508e+00
1.412250041961669922e+00
1.419250011444091797e+00
1.429749965667724609e+00
1.438249945640563965e+00
1.463750004768371582e+00
1.475999951362609863e+00
1.490000009536743164e+00
1.503250002861022949e+00
1.511500000953674316e+00
1.419999957084655762e+00
6.110000014305114746e-01
6.660000085830688477e-01
inf
1.317000031471252441e+00
6.529999971389770508e-01
inf
6.157500147819519043e-01
inf
2.482499927282333374e-01
2.409999966621398926e-01
inf
inf
2.347500026226043701e-01
inf
inf
2.372500002384185791e-01
inf
inf
inf
inf
9.499999880790710449e-01
9.409999847412109375e-01
9.309999942779541016e-01
9.217500090599060059e-01
9.112499952316284180e-01
8.939999938011169434e-01
8.845000267028808594e-01
8.777499794960021973e-01
8.697500228881835938e-01
8.627499938011169434e-01
8.560000061988830566e-01
8.429999947547912598e-01
8.372499942779541016e-01
8.320000171661376953e-01
8.232499957084655762e-01
8.162500262260437012e-01
8.125000000000000000e-01
8.077499866485595703e-01
8.032500147819519043e-01
7.954999804496765137e-01
7.927500009536743164e-01
7.892500162124633789e-01
8.029999732971191406e-01
8.280000090599060059e-01
8.215000033378601074e-01
8.167499899864196777e-01
8.149999976158142090e-01
8.127499818801879883e-01
8.072500228881835938e-01
8.065000176429748535e-01
8.047500252723693848e-01
8.007500171661376953e-01
7.990000247955322266e-01
7.967500090599060059e-01
7.957500219345092773e-01
5.907499790191650391e-01
5.755000114440917969e-01
5.792499780654907227e-01
5.784999728202819824e-01
5.807499885559082031e-01
5.817499756813049316e-01
5.842499732971191406e-01
5.820000171661376953e-01
5.912500023841857910e-01
5.910000205039978027e-01
5.952500104904174805e-01
5.952500104904174805e-01
inf
inf
inf
inf
inf
inf
inf
inf
inf
1.504999995231628418e-01
1.487500071525573730e-01
1.482499986886978149e-01
1.477500051259994507e-01
1.477500051259994507e-01
1.465000063180923462e-01
1.467500030994415283e-01
1.465000063180923462e-01
1.467500030994415283e-01
1.469999998807907104e-01
1.487500071525573730e-01
1.504999995231628418e-01
1.502500027418136597e-01
1.519999951124191284e-01
1.535000056028366089e-01
1.519999951124191284e-01
