1.269000053405761719e+00
1.236250042915344238e+00
1.208250045776367188e+00
1.185250043869018555e+00
1.135249972343444824e+00
1.112249970436096191e+00
1.090749979019165039e+00
1.069249987602233887e+00
1.050750017166137695e+00
1.029999971389770508e+00
1.012249946594238281e+00
9.767500162124633789e-01
9.592499732971191406e-01
9.462500214576721191e-01
9.287499785423278809e-01
9.139999747276306152e-01
9.014999866485595703e-01
8.717499971389770508e-01
8.607500195503234863e-01
8.477500081062316895e-01
8.395000100135803223e-01
8.280000090599060059e-01
8.102499842643737793e-01
7.994999885559082031e-01
7.887499928474426270e-01
7.797499895095825195e-01
7.732499837875366211e-01
7.877500057220458984e-01
8.040000200271606445e-01
7.969999909400939941e-01
7.864999771118164062e-01
7.789999842643737793e-01
7.724999785423278809e-01
7.667499780654907227e-01
inf
5.152500271797180176e-01
inf
inf
inf
inf
inf
inf
inf
inf
4.842500090599060059e-01
inf
inf
inf
inf
6.850000023841857910e-01
inf
inf
6.779999732971191406e-01
inf
inf
6.722499728202819824e-01
inf
inf
inf
inf
4.652499854564666748e-01
inf
inf
inf
inf
inf
inf
inf
inf
inf
inf
inf
inf
inf
inf
inf
inf
inf
4.555000066757202148e-01
inf
4.449999928474426270e-01
inf
4.297499954700469971e-01
4.147500097751617432e-01
inf
inf
inf
inf
3.792499899864196777e-01
3.792499899864196777e-01
3.702499866485595703e-01
inf
3.607499897480010986e-01
3.600000143051147461e-01
inf
3.449999988079071045e-01
inf
3.382500112056732178e-01
inf
3.347499966621398926e-01
inf
3.227500021457672119e-01
inf
3.165000081062316895e-01
3.162499964237213135e-01
3.165000081062316895e-01
3.134999871253967285e-01
3.057500123977661133e-01
3.067499995231628418e-01
3.014999926090240479e-01
3.017500042915344238e-01
3.012500107288360596e-01
3.017500042915344238e-01
2.947500050067901611e-01
2.949999868869781494e-01
inf
inf
2.912499904632568359e-01
2.877500057220458984e-01
2.877500057220458984e-01
