6.800000071525573730e-01
6.804999709129333496e-01
6.807500123977661133e-01
6.832500100135803223e-01
6.832500100135803223e-01
6.894999742507934570e-01
4.095000028610229492e-01
3.987500071525573730e-01
3.619999885559082031e-01
3.557499945163726807e-01
3.647499978542327881e-01
3.692499995231628418e-01
3.734999895095825195e-01
3.617500066757202148e-01
3.564999997615814209e-01
inf
5.517500042915344238e-01
5.440000295639038086e-01
5.414999723434448242e-01
5.262500047683715820e-01
5.180000066757202148e-01
5.197499990463256836e-01
5.207499861717224121e-01
5.220000147819519043e-01
5.217499732971191406e-01
5.199999809265136719e-01
5.084999799728393555e-01
5.040000081062316895e-01
5.015000104904174805e-01
4.977500140666961670e-01
4.887500107288360596e-01
4.872500002384185791e-01
4.850000143051147461e-01
4.742499887943267822e-01
4.695000052452087402e-01
4.704999923706054688e-01
4.737499952316284180e-01
4.772500097751617432e-01
5.339999794960021973e-01
5.404999852180480957e-01
5.490000247955322266e-01
5.507500171661376953e-01
5.580000281333923340e-01
5.657500028610229492e-01
inf
inf
inf
inf
inf
inf
inf
inf
inf
inf
inf
inf
3.332499861717224121e-01
3.215000033378601074e-01
3.182500004768371582e-01
3.007499873638153076e-01
2.772499918937683105e-01
inf
2.730000019073486328e-01
2.692500054836273193e-01
2.675000131130218506e-01
2.637499868869781494e-01
2.592499852180480957e-01
2.599999904632568359e-01
2.585000097751617432e-01
2.562499940395355225e-01
2.560000121593475342e-01
2.532500028610229492e-01
inf
2.532500028610229492e-01
2.547500133514404297e-01
2.549999952316284180e-01
inf
2.554999887943267822e-01
inf
inf
inf
4.307500123977661133e-01
4.259999990463256836e-01
4.232499897480010986e-01
4.237500131130218506e-01
4.227499961853027344e-01
inf
4.197500050067901611e-01
4.192500114440917969e-01
4.192500114440917969e-01
4.192500114440917969e-01
4.197500050067901611e-01
4.227499961853027344e-01
4.247500002384185791e-01
4.264999926090240479e-01
4.267500042915344238e-01
4.295000135898590088e-01
4.314999878406524658e-01
4.352500140666961670e-01
4.379999935626983643e-01
4.442499876022338867e-01
4.460000097751617432e-01
inf
inf
inf
inf
9.745000004768371582e-01
9.807500243186950684e-01
9.837499856948852539e-01
9.907500147819519043e-01
9.994999766349792480e-01
1.003000020980834961e+00
1.019500017166137695e+00
1.025750041007995605e+00
1.034500002861022949e+00
1.044250011444091797e+00
1.052250027656555176e+00
1.072000026702880859e+00
1.082249999046325684e+00
1.091750025749206543e+00
