6.777499914169311523e-01
6.807500123977661133e-01
6.819999814033508301e-01
6.830000281333923340e-01
6.847500205039978027e-01
6.872500181198120117e-01
inf
4.132499992847442627e-01
3.627499938011169434e-01
3.560000061988830566e-01
3.644999861717224121e-01
3.692499995231628418e-01
3.734999895095825195e-01
inf
3.555000126361846924e-01
3.762499988079071045e-01
5.494999885559082031e-01
5.440000295639038086e-01
5.385000109672546387e-01
5.260000228881835938e-01
5.180000066757202148e-01
5.302500128746032715e-01
5.210000276565551758e-01
5.202500224113464355e-01
5.220000147819519043e-01
5.222499966621398926e-01
5.080000162124633789e-01
5.037500262260437012e-01
5.007500052452087402e-01
4.942499995231628418e-01
4.970000088214874268e-01
4.857499897480010986e-01
4.842500090599060059e-01
4.812499880790710449e-01
4.742499887943267822e-01
4.712499976158142090e-01
4.745000004768371582e-01
4.769999980926513672e-01
5.375000238418579102e-01
5.447499752044677734e-01
inf
5.467500090599060059e-01
5.542500019073486328e-01
5.669999718666076660e-01
inf
inf
inf
inf
inf
inf
inf
inf
inf
inf
inf
inf
3.375000059604644775e-01
3.219999969005584717e-01
3.157500028610229492e-01
inf
inf
2.832500040531158447e-01
inf
2.664999961853027344e-01
2.644999921321868896e-01
inf
2.630000114440917969e-01
2.592499852180480957e-01
2.582499980926513672e-01
inf
2.552500069141387939e-01
2.535000145435333252e-01
2.535000145435333252e-01
2.532500028610229492e-01
inf
2.549999952316284180e-01
2.549999952316284180e-01
inf
inf
inf
4.314999878406524658e-01
4.300000071525573730e-01
4.267500042915344238e-01
4.252499938011169434e-01
4.232499897480010986e-01
inf
4.205000102519989014e-01
4.192500114440917969e-01
4.185000061988830566e-01
4.189999997615814209e-01
4.194999933242797852e-01
4.199999868869781494e-01
4.217500090599060059e-01
4.239999949932098389e-01
4.252499938011169434e-01
4.295000135898590088e-01
4.309999942779541016e-01
4.314999878406524658e-01
4.347499907016754150e-01
4.375000000000000000e-01
4.399999976158142090e-01
inf
inf
inf
4.724999964237213135e-01
inf
9.707499742507934570e-01
9.775000214576721191e-01
9.829999804496765137e-01
9.882500171661376953e-01
9.969999790191650391e-01
1.011999964714050293e+00
1.016499996185302734e+00
1.024500012397766113e+00
1.033750057220458984e+00
1.042250037193298340e+00
1.051249980926513672e+00
1.070000052452087402e+00
1.080000042915344238e+00
1.091249942779541016e+00
