inf
inf
inf
4.313749790191650391e+00
4.317999839782714844e+00
1.554749965667724609e+00
1.457999944686889648e+00
1.322499990463256836e+00
1.328999996185302734e+00
1.334499955177307129e+00
1.337000012397766113e+00
1.342499971389770508e+00
1.350499987602233887e+00
1.351750016212463379e+00
inf
1.373250007629394531e+00
1.384750008583068848e+00
1.389999985694885254e+00
1.411499977111816406e+00
1.419250011444091797e+00
1.430250048637390137e+00
1.437749981880187988e+00
1.449749946594238281e+00
1.478999972343444824e+00
inf
inf
2.552500069141387939e-01
2.509999871253967285e-01
2.602500021457672119e-01
2.624999880790710449e-01
inf
2.680000066757202148e-01
2.734999954700469971e-01
2.199999988079071045e-01
2.220000028610229492e-01
2.160000056028366089e-01
2.137500047683715820e-01
2.117500007152557373e-01
2.109999954700469971e-01
2.097499966621398926e-01
2.080000042915344238e-01
inf
inf
1.714999973773956299e-01
1.702499985694885254e-01
1.687500029802322388e-01
1.630000025033950806e-01
1.587499976158142090e-01
1.599999964237213135e-01
1.602499932050704956e-01
1.667499989271163940e-01
1.687500029802322388e-01
inf
inf
inf
inf
1.745000034570693970e-01
1.764999926090240479e-01
inf
2.234999984502792358e-01
inf
inf
inf
inf
8.147500157356262207e-01
8.272500038146972656e-01
8.017500042915344238e-01
7.997499704360961914e-01
7.950000166893005371e-01
7.892500162124633789e-01
8.105000257492065430e-01
8.262500166893005371e-01
8.234999775886535645e-01
8.197500109672546387e-01
8.130000233650207520e-01
8.102499842643737793e-01
8.082500100135803223e-01
8.069999814033508301e-01
8.054999709129333496e-01
8.022500276565551758e-01
7.992500066757202148e-01
7.979999780654907227e-01
7.972499728202819824e-01
5.787500143051147461e-01
5.745000243186950684e-01
5.792499780654907227e-01
5.809999704360961914e-01
5.802500247955322266e-01
5.795000195503234863e-01
5.809999704360961914e-01
5.910000205039978027e-01
5.910000205039978027e-01
5.910000205039978027e-01
5.939999818801879883e-01
5.952500104904174805e-01
inf
inf
inf
inf
inf
inf
inf
inf
inf
inf
inf
inf
inf
inf
inf
inf
inf
inf
inf
inf
inf
inf
inf
7.057499885559082031e-01
inf
