inf
4.312250137329101562e+00
4.316249847412109375e+00
1.526000022888183594e+00
1.438500046730041504e+00
1.366250038146972656e+00
1.330000042915344238e+00
1.327000021934509277e+00
1.326750040054321289e+00
1.331500053405761719e+00
1.348500013351440430e+00
1.355250000953674316e+00
1.550000011920928955e-01
1.371999979019165039e+00
1.382500052452087402e+00
1.393499970436096191e+00
1.406499981880187988e+00
inf
inf
inf
inf
inf
inf
1.503499984741210938e+00
1.471750020980834961e+00
1.451249957084655762e+00
1.418249964714050293e+00
1.389000058174133301e+00
1.321499943733215332e+00
6.144999861717224121e-01
inf
1.255249977111816406e+00
inf
6.424999833106994629e-01
inf
1.159000039100646973e+00
1.090000033378601074e+00
1.096750020980834961e+00
1.082749962806701660e+00
inf
inf
inf
inf
inf
inf
inf
9.807500243186950684e-01
9.437500238418579102e-01
9.367499947547912598e-01
9.252499938011169434e-01
9.062500000000000000e-01
8.995000123977661133e-01
8.899999856948852539e-01
8.827499747276306152e-01
8.669999837875366211e-01
8.612499833106994629e-01
8.529999852180480957e-01
8.485000133514404297e-01
8.367499709129333496e-01
8.320000171661376953e-01
8.262500166893005371e-01
8.212500214576721191e-01
8.140000104904174805e-01
8.072500228881835938e-01
8.040000200271606445e-01
8.004999756813049316e-01
7.935000061988830566e-01
7.889999747276306152e-01
7.867500185966491699e-01
8.352500200271606445e-01
8.217499852180480957e-01
8.172500133514404297e-01
8.159999847412109375e-01
8.132500052452087402e-01
8.084999918937683105e-01
8.059999942779541016e-01
8.054999709129333496e-01
8.022500276565551758e-01
7.992500066757202148e-01
7.979999780654907227e-01
7.990000247955322266e-01
5.787500143051147461e-01
5.787500143051147461e-01
5.922499895095825195e-01
5.912500023841857910e-01
inf
inf
inf
inf
inf
inf
inf
6.007500290870666504e-01
inf
inf
inf
inf
inf
inf
inf
inf
inf
inf
inf
inf
inf
inf
inf
inf
inf
inf
inf
inf
inf
inf
inf
inf
inf
inf
9.459999799728393555e-01
