inf
inf
inf
4.355249881744384766e+00
4.401000022888183594e+00
1.518000006675720215e+00
1.430250048637390137e+00
1.325749993324279785e+00
1.331500053405761719e+00
1.331750035285949707e+00
1.338250041007995605e+00
1.346500039100646973e+00
1.348749995231628418e+00
1.351750016212463379e+00
1.373749971389770508e+00
1.375000000000000000e+00
1.385499954223632812e+00
1.399999976158142090e+00
1.414000034332275391e+00
1.420250058174133301e+00
1.431499958038330078e+00
1.443500041961669922e+00
1.452499985694885254e+00
1.477499961853027344e+00
1.490499973297119141e+00
1.503749966621398926e+00
1.491250038146972656e+00
1.457249999046325684e+00
6.090000271797180176e-01
inf
1.336750030517578125e+00
1.321499943733215332e+00
inf
inf
1.825000047683715820e-01
1.807499974966049194e-01
1.807499974966049194e-01
1.840000003576278687e-01
1.096750020980834961e+00
1.096750020980834961e+00
1.764999926090240479e-01
1.794999986886978149e-01
1.842499971389770508e-01
inf
inf
inf
inf
inf
inf
9.474999904632568359e-01
9.309999942779541016e-01
9.222499728202819824e-01
9.114999771118164062e-01
8.949999809265136719e-01
8.857499957084655762e-01
8.774999976158142090e-01
8.700000047683715820e-01
8.662499785423278809e-01
8.485000133514404297e-01
8.442500233650207520e-01
8.399999737739562988e-01
8.255000114440917969e-01
inf
inf
8.180000185966491699e-01
8.087499737739562988e-01
8.012499809265136719e-01
7.965000271797180176e-01
7.937499880790710449e-01
7.897499799728393555e-01
8.322499990463256836e-01
8.262500166893005371e-01
8.227499723434448242e-01
8.190000057220458984e-01
8.165000081062316895e-01
8.115000128746032715e-01
8.084999918937683105e-01
8.065000176429748535e-01
8.044999837875366211e-01
8.000000119209289551e-01
7.977499961853027344e-01
7.979999780654907227e-01
7.965000271797180176e-01
5.749999880790710449e-01
5.879999995231628418e-01
5.809999704360961914e-01
5.797500014305114746e-01
5.814999938011169434e-01
5.809999704360961914e-01
5.837500095367431641e-01
5.867499709129333496e-01
5.957499742507934570e-01
5.910000205039978027e-01
5.962499976158142090e-01
inf
6.007500290870666504e-01
inf
inf
inf
inf
inf
inf
inf
inf
inf
inf
inf
inf
inf
inf
inf
inf
inf
inf
inf
inf
inf
inf
inf
inf
