2.109999954700469971e-01
2.097499966621398926e-01
2.037499994039535522e-01
inf
1.997500061988830566e-01
1.975000053644180298e-01
1.847500056028366089e-01
inf
1.657499969005584717e-01
1.659999936819076538e-01
1.615000069141387939e-01
1.602499932050704956e-01
1.544999927282333374e-01
1.529999971389770508e-01
1.504999995231628418e-01
1.457500010728836060e-01
inf
1.247500032186508179e-01
1.262499988079071045e-01
1.222499981522560120e-01
1.202500015497207642e-01
inf
inf
inf
1.197500005364418030e-01
1.197500005364418030e-01
inf
1.207500025629997253e-01
inf
inf
inf
inf
inf
inf
inf
7.012500166893005371e-01
inf
inf
1.130749940872192383e+00
1.082999944686889648e+00
1.082749962806701660e+00
1.071750044822692871e+00
1.067499995231628418e+00
1.011250019073486328e+00
1.010249972343444824e+00
9.980000257492065430e-01
9.642500281333923340e-01
9.689999818801879883e-01
9.557499885559082031e-01
9.447500109672546387e-01
9.352499842643737793e-01
9.254999756813049316e-01
9.085000157356262207e-01
8.995000123977661133e-01
8.892499804496765137e-01
8.820000290870666504e-01
8.672500252723693848e-01
8.590000271797180176e-01
8.529999852180480957e-01
8.472499847412109375e-01
8.429999947547912598e-01
8.295000195503234863e-01
8.249999880790710449e-01
8.190000057220458984e-01
8.152499794960021973e-01
8.122500181198120117e-01
8.025000095367431641e-01
7.992500066757202148e-01
7.944999933242797852e-01
7.904999852180480957e-01
8.140000104904174805e-01
8.257499933242797852e-01
8.245000243186950684e-01
8.209999799728393555e-01
8.167499899864196777e-01
8.122500181198120117e-01
8.090000152587890625e-01
8.069999814033508301e-01
8.050000071525573730e-01
8.017500042915344238e-01
7.990000247955322266e-01
7.992500066757202148e-01
7.965000271797180176e-01
5.845000147819519043e-01
5.747500061988830566e-01
5.787500143051147461e-01
5.799999833106994629e-01
5.797500014305114746e-01
5.799999833106994629e-01
5.824999809265136719e-01
5.814999938011169434e-01
5.907499790191650391e-01
5.910000205039978027e-01
5.939999818801879883e-01
inf
5.962499976158142090e-01
inf
inf
inf
inf
inf
inf
inf
inf
inf
inf
inf
inf
inf
inf
inf
inf
inf
inf
inf
inf
inf
inf
inf
inf
