1.389999985694885254e+00
1.404250025749206543e+00
1.407500028610229492e+00
1.414749979972839355e+00
1.428750038146972656e+00
1.437000036239624023e+00
1.458999991416931152e+00
1.474249958992004395e+00
1.483250021934509277e+00
1.497750043869018555e+00
1.515499949455261230e+00
1.523249983787536621e+00
1.542500019073486328e+00
1.570999979972839355e+00
1.587000012397766113e+00
1.547999978065490723e+00
1.515249967575073242e+00
1.485000014305114746e+00
1.432000041007995605e+00
1.407999992370605469e+00
1.382249951362609863e+00
1.361500024795532227e+00
1.317999958992004395e+00
1.299999952316284180e+00
1.279250025749206543e+00
1.260249972343444824e+00
1.240249991416931152e+00
1.210250020027160645e+00
1.195000052452087402e+00
1.180500030517578125e+00
1.164499998092651367e+00
1.156749963760375977e+00
1.139500021934509277e+00
1.114750027656555176e+00
1.100749969482421875e+00
1.092000007629394531e+00
1.080250024795532227e+00
1.060500025749206543e+00
1.051249980926513672e+00
1.042500019073486328e+00
1.033499956130981445e+00
1.026000022888183594e+00
1.009500026702880859e+00
1.001749992370605469e+00
9.942499995231628418e-01
9.879999756813049316e-01
9.807500243186950684e-01
9.679999947547912598e-01
9.620000123977661133e-01
9.570000171661376953e-01
9.517499804496765137e-01
9.412500262260437012e-01
9.375000000000000000e-01
9.315000176429748535e-01
9.269999861717224121e-01
9.240000247955322266e-01
9.222499728202819824e-01
9.602500200271606445e-01
9.570000171661376953e-01
9.517499804496765137e-01
9.505000114440917969e-01
9.484999775886535645e-01
9.434999823570251465e-01
9.392499923706054688e-01
9.380000233650207520e-01
9.375000000000000000e-01
9.344999790191650391e-01
inf
7.034999728202819824e-01
7.072499990463256836e-01
7.089999914169311523e-01
7.089999914169311523e-01
7.089999914169311523e-01
7.080000042915344238e-01
7.127500176429748535e-01
7.147499918937683105e-01
7.214999794960021973e-01
7.239999771118164062e-01
7.285000085830688477e-01
7.375000119209289551e-01
7.375000119209289551e-01
7.375000119209289551e-01
inf
inf
inf
inf
inf
inf
inf
inf
inf
inf
inf
inf
inf
inf
inf
inf
inf
1.045500040054321289e+00
1.062000036239624023e+00
1.069499969482421875e+00
1.077999949455261230e+00
1.090499997138977051e+00
1.104750037193298340e+00
1.116750001907348633e+00
1.127500057220458984e+00
1.139000058174133301e+00
1.139999985694885254e+00
1.165500044822692871e+00
1.134750008583068848e+00
1.090250015258789062e+00
1.065000057220458984e+00
1.023499965667724609e+00
1.004250049591064453e+00
9.490000009536743164e-01
9.242500066757202148e-01
9.042500257492065430e-01
9.192500114440917969e-01
9.302499890327453613e-01
