1.269749999046325684e+00
1.237249970436096191e+00
1.209249973297119141e+00
1.190250039100646973e+00
1.143749952316284180e+00
1.120499968528747559e+00
1.099249958992004395e+00
1.078250050544738770e+00
1.060250043869018555e+00
1.026250004768371582e+00
1.007249951362609863e+00
9.909999966621398926e-01
9.737499952316284180e-01
9.422500133514404297e-01
9.282500147819519043e-01
9.137499928474426270e-01
8.997499942779541016e-01
8.730000257492065430e-01
8.617500066757202148e-01
8.500000238418579102e-01
8.427500128746032715e-01
8.209999799728393555e-01
8.127499818801879883e-01
8.025000095367431641e-01
7.867500185966491699e-01
7.792500257492065430e-01
7.720000147819519043e-01
7.767500281333923340e-01
8.037499785423278809e-01
7.960000038146972656e-01
7.879999876022338867e-01
7.792500257492065430e-01
7.739999890327453613e-01
inf
inf
inf
5.310000181198120117e-01
inf
inf
inf
inf
inf
inf
4.855000078678131104e-01
4.847500026226043701e-01
inf
inf
inf
6.869999766349792480e-01
6.825000047683715820e-01
inf
inf
6.740000247955322266e-01
inf
6.719999909400939941e-01
6.707500219345092773e-01
inf
inf
inf
5.575000047683715820e-01
inf
inf
inf
4.230000078678131104e-01
inf
inf
inf
3.867500126361846924e-01
inf
inf
inf
inf
inf
inf
inf
inf
inf
inf
4.625000059604644775e-01
4.555000066757202148e-01
4.452500045299530029e-01
inf
4.275000095367431641e-01
4.157499969005584717e-01
inf
inf
inf
inf
3.792499899864196777e-01
3.772499859333038330e-01
3.702499866485595703e-01
3.692499995231628418e-01
3.607499897480010986e-01
inf
3.497500121593475342e-01
3.499999940395355225e-01
3.454999923706054688e-01
3.382500112056732178e-01
3.347499966621398926e-01
inf
3.215000033378601074e-01
3.215000033378601074e-01
3.227500021457672119e-01
3.165000081062316895e-01
3.147499859333038330e-01
3.134999871253967285e-01
3.134999871253967285e-01
3.067499995231628418e-01
3.095000088214874268e-01
3.012500107288360596e-01
3.012500107288360596e-01
3.014999926090240479e-01
2.997500002384185791e-01
2.947500050067901611e-01
inf
inf
inf
2.912499904632568359e-01
2.877500057220458984e-01
2.877500057220458984e-01
