6.804999709129333496e-01
6.812499761581420898e-01
6.817499995231628418e-01
6.827499866485595703e-01
6.844999790191650391e-01
6.984999775886535645e-01
4.084999859333038330e-01
3.987500071525573730e-01
3.795000016689300537e-01
3.610000014305114746e-01
3.639999926090240479e-01
3.692499995231628418e-01
3.774999976158142090e-01
3.614999949932098389e-01
inf
3.762499988079071045e-01
5.504999756813049316e-01
5.440000295639038086e-01
5.414999723434448242e-01
5.314999818801879883e-01
5.177500247955322266e-01
5.205000042915344238e-01
5.202500224113464355e-01
5.220000147819519043e-01
5.220000147819519043e-01
5.199999809265136719e-01
5.084999799728393555e-01
5.040000081062316895e-01
5.015000104904174805e-01
4.947499930858612061e-01
4.905000030994415283e-01
4.875000119209289551e-01
4.850000143051147461e-01
4.742499887943267822e-01
4.697499871253967285e-01
4.704999923706054688e-01
4.735000133514404297e-01
inf
5.329999923706054688e-01
5.385000109672546387e-01
5.534999966621398926e-01
5.509999990463256836e-01
5.565000176429748535e-01
5.632500052452087402e-01
inf
inf
inf
inf
inf
inf
inf
inf
inf
3.117499947547912598e-01
3.055000007152557373e-01
3.019999861717224121e-01
2.972500026226043701e-01
2.962499856948852539e-01
inf
2.897500097751617432e-01
2.804999947547912598e-01
2.764999866485595703e-01
2.709999978542327881e-01
2.697499990463256836e-01
2.680000066757202148e-01
2.632499933242797852e-01
2.610000073909759521e-01
2.605000138282775879e-01
2.552500069141387939e-01
2.552500069141387939e-01
2.549999952316284180e-01
2.540000081062316895e-01
2.557500004768371582e-01
2.560000121593475342e-01
inf
inf
inf
inf
inf
inf
4.312500059604644775e-01
4.300000071525573730e-01
4.280000030994415283e-01
4.235000014305114746e-01
4.227499961853027344e-01
4.217500090599060059e-01
4.202499985694885254e-01
4.194999933242797852e-01
4.189999997615814209e-01
4.192500114440917969e-01
4.192500114440917969e-01
4.194999933242797852e-01
4.222500026226043701e-01
4.247500002384185791e-01
4.255000054836273193e-01
4.267500042915344238e-01
4.305000007152557373e-01
4.320000112056732178e-01
4.347499907016754150e-01
4.375000000000000000e-01
4.420000016689300537e-01
4.467499852180480957e-01
inf
inf
4.729999899864196777e-01
inf
9.707499742507934570e-01
9.779999852180480957e-01
9.829999804496765137e-01
9.882500171661376953e-01
9.952499866485595703e-01
1.011999964714050293e+00
1.017750024795532227e+00
1.026250004768371582e+00
1.033750057220458984e+00
1.042250037193298340e+00
1.059749960899353027e+00
1.067000031471252441e+00
1.077250003814697266e+00
1.088999986648559570e+00
