1.292000055313110352e+00
1.228999972343444824e+00
1.210250020027160645e+00
1.181249976158142090e+00
1.159749984741210938e+00
1.112249970436096191e+00
1.091750025749206543e+00
1.073750019073486328e+00
1.053750038146972656e+00
1.032999992370605469e+00
1.019250035285949707e+00
9.842500090599060059e-01
9.697499871253967285e-01
9.520000219345092773e-01
9.347500205039978027e-01
9.085000157356262207e-01
8.947499990463256836e-01
8.799999952316284180e-01
8.569999933242797852e-01
8.457499742507934570e-01
8.374999761581420898e-01
8.259999752044677734e-01
8.162500262260437012e-01
7.992500066757202148e-01
7.907500267028808594e-01
7.832499742507934570e-01
7.745000123977661133e-01
7.854999899864196777e-01
8.052499890327453613e-01
7.972499728202819824e-01
7.900000214576721191e-01
7.827500104904174805e-01
7.680000066757202148e-01
7.642499804496765137e-01
inf
5.137500166893005371e-01
inf
inf
inf
inf
inf
inf
inf
4.855000078678131104e-01
4.850000143051147461e-01
inf
inf
inf
6.930000185966491699e-01
6.830000281333923340e-01
inf
inf
6.744999885559082031e-01
inf
6.722499728202819824e-01
6.704999804496765137e-01
inf
inf
inf
inf
4.625000059604644775e-01
inf
inf
inf
inf
inf
inf
3.865000009536743164e-01
inf
inf
inf
inf
inf
inf
inf
inf
inf
inf
inf
inf
4.444999992847442627e-01
4.365000128746032715e-01
4.242500066757202148e-01
4.102500081062316895e-01
4.122500121593475342e-01
inf
3.914999961853027344e-01
inf
3.817499876022338867e-01
3.792499899864196777e-01
3.697499930858612061e-01
3.592500090599060059e-01
3.607499897480010986e-01
3.600000143051147461e-01
3.440000116825103760e-01
3.467499911785125732e-01
3.447499871253967285e-01
inf
3.379999995231628418e-01
3.332499861717224121e-01
inf
3.227500021457672119e-01
3.227500021457672119e-01
3.172500133514404297e-01
3.165000081062316895e-01
3.162499964237213135e-01
3.134999871253967285e-01
3.092499971389770508e-01
3.064999878406524658e-01
3.064999878406524658e-01
3.014999926090240479e-01
3.005000054836273193e-01
2.877500057220458984e-01
2.944999933242797852e-01
inf
inf
inf
2.837499976158142090e-01
2.877500057220458984e-01
2.882499992847442627e-01
