1.337499976158142090e+00
1.307749986648559570e+00
1.280500054359436035e+00
1.222749948501586914e+00
1.197749972343444824e+00
1.169000029563903809e+00
1.151000022888183594e+00
1.127249956130981445e+00
1.087499976158142090e+00
1.067749977111816406e+00
1.050500035285949707e+00
1.032750010490417480e+00
1.017249941825866699e+00
9.840000271797180176e-01
9.697499871253967285e-01
9.527500271797180176e-01
9.394999742507934570e-01
9.132500290870666504e-01
9.004999995231628418e-01
8.880000114440917969e-01
8.755000233650207520e-01
8.550000190734863281e-01
8.452500104904174805e-01
8.352500200271606445e-01
8.277500271797180176e-01
8.105000257492065430e-01
8.032500147819519043e-01
7.972499728202819824e-01
7.872499823570251465e-01
7.810000181198120117e-01
7.659999728202819824e-01
7.705000042915344238e-01
7.870000004768371582e-01
8.007500171661376953e-01
7.929999828338623047e-01
7.795000076293945312e-01
7.745000123977661133e-01
7.674999833106994629e-01
7.630000114440917969e-01
7.567499876022338867e-01
inf
inf
inf
inf
inf
inf
inf
inf
inf
inf
inf
inf
inf
inf
inf
inf
inf
inf
inf
inf
inf
inf
3.535000085830688477e-01
3.490000069141387939e-01
3.467499911785125732e-01
3.452500104904174805e-01
3.434999883174896240e-01
3.425000011920928955e-01
3.382500112056732178e-01
3.362500071525573730e-01
3.325000107288360596e-01
3.294999897480010986e-01
3.240000009536743164e-01
3.202500045299530029e-01
3.129999935626983643e-01
3.092499971389770508e-01
3.022499978542327881e-01
3.005000054836273193e-01
2.952499985694885254e-01
2.927500009536743164e-01
2.902500033378601074e-01
2.849999964237213135e-01
inf
2.795000076293945312e-01
2.739999890327453613e-01
2.692500054836273193e-01
2.675000131130218506e-01
2.664999961853027344e-01
2.630000114440917969e-01
2.612499892711639404e-01
2.619999945163726807e-01
2.639999985694885254e-01
inf
inf
inf
inf
inf
inf
inf
inf
inf
inf
inf
inf
inf
inf
inf
2.347500026226043701e-01
inf
2.345000058412551880e-01
2.347500026226043701e-01
2.342499941587448120e-01
2.347500026226043701e-01
inf
inf
inf
inf
inf
inf
inf
