inf
4.357749938964843750e+00
4.314750194549560547e+00
1.547999978065490723e+00
1.446249961853027344e+00
1.324499964714050293e+00
1.330000042915344238e+00
1.332499980926513672e+00
1.336500048637390137e+00
1.341500043869018555e+00
1.349499940872192383e+00
1.351250052452087402e+00
inf
inf
inf
2.497500032186508179e-01
2.017499953508377075e-01
1.907500028610229492e-01
1.835000067949295044e-01
1.770000010728836060e-01
1.752499938011169434e-01
1.737499982118606567e-01
1.720000058412551880e-01
1.657499969005584717e-01
1.627500057220458984e-01
1.609999984502792358e-01
1.589999943971633911e-01
1.574999988079071045e-01
1.572500020265579224e-01
1.572500020265579224e-01
1.562500000000000000e-01
1.562500000000000000e-01
1.570000052452087402e-01
1.574999988079071045e-01
1.589999943971633911e-01
inf
inf
inf
1.457500010728836060e-01
1.437499970197677612e-01
1.412499994039535522e-01
1.412499994039535522e-01
1.400000005960464478e-01
1.417499929666519165e-01
inf
inf
inf
inf
inf
inf
9.402499794960021973e-01
9.010000228881835938e-01
8.942499756813049316e-01
8.840000033378601074e-01
8.675000071525573730e-01
8.615000247955322266e-01
8.532500267028808594e-01
8.487499952316284180e-01
8.370000123977661133e-01
8.320000171661376953e-01
8.262500166893005371e-01
8.215000033378601074e-01
8.137500286102294922e-01
8.082500100135803223e-01
8.032500147819519043e-01
7.992500066757202148e-01
7.910000085830688477e-01
7.889999747276306152e-01
8.032500147819519043e-01
8.264999985694885254e-01
8.252500295639038086e-01
8.177499771118164062e-01
8.155000209808349609e-01
8.142499923706054688e-01
8.090000152587890625e-01
8.069999814033508301e-01
8.025000095367431641e-01
8.004999756813049316e-01
7.985000014305114746e-01
7.969999909400939941e-01
7.952499985694885254e-01
5.855000019073486328e-01
5.730000138282775879e-01
5.820000171661376953e-01
5.797500014305114746e-01
5.799999833106994629e-01
5.814999938011169434e-01
5.820000171661376953e-01
5.845000147819519043e-01
5.952500104904174805e-01
5.910000205039978027e-01
5.929999947547912598e-01
5.939999818801879883e-01
inf
inf
inf
inf
inf
inf
inf
inf
inf
inf
inf
inf
inf
inf
inf
inf
inf
inf
inf
inf
inf
inf
inf
inf
inf
9.545000195503234863e-01
9.622499942779541016e-01
