1.288499951362609863e+00
1.228500008583068848e+00
1.202000021934509277e+00
1.176249980926513672e+00
1.155500054359436035e+00
1.128000020980834961e+00
1.104750037193298340e+00
1.086249947547912598e+00
1.043499946594238281e+00
1.026250004768371582e+00
1.007249951362609863e+00
9.925000071525573730e-01
9.717500209808349609e-01
9.402499794960021973e-01
9.267500042915344238e-01
9.100000262260437012e-01
8.949999809265136719e-01
8.822500109672546387e-01
8.557500243186950684e-01
8.454999923706054688e-01
8.347499966621398926e-01
8.240000009536743164e-01
8.149999976158142090e-01
7.975000143051147461e-01
7.877500057220458984e-01
7.797499895095825195e-01
7.707499861717224121e-01
7.767500281333923340e-01
7.925000190734863281e-01
7.937499880790710449e-01
7.857499718666076660e-01
7.772499918937683105e-01
7.697499990463256836e-01
7.639999985694885254e-01
inf
inf
inf
inf
inf
inf
inf
inf
inf
4.855000078678131104e-01
inf
inf
inf
inf
inf
6.827499866485595703e-01
6.804999709129333496e-01
inf
6.759999990463256836e-01
inf
6.784999966621398926e-01
6.710000038146972656e-01
inf
inf
inf
inf
4.629999995231628418e-01
inf
inf
inf
inf
inf
inf
inf
inf
inf
inf
inf
inf
inf
inf
inf
inf
inf
4.632500112056732178e-01
4.482499957084655762e-01
4.440000057220458984e-01
4.347499907016754150e-01
4.140000045299530029e-01
4.162499904632568359e-01
inf
inf
inf
inf
3.835000097751617432e-01
3.792499899864196777e-01
3.697499930858612061e-01
inf
3.607499897480010986e-01
3.592500090599060059e-01
3.562499880790710449e-01
3.449999988079071045e-01
3.447499871253967285e-01
inf
3.382500112056732178e-01
3.332499861717224121e-01
3.215000033378601074e-01
inf
3.192499876022338867e-01
3.197500109672546387e-01
3.162499964237213135e-01
3.162499964237213135e-01
3.134999871253967285e-01
3.104999959468841553e-01
3.067499995231628418e-01
3.017500042915344238e-01
inf
3.017500042915344238e-01
2.987500131130218506e-01
2.987500131130218506e-01
2.967500090599060059e-01
inf
inf
2.912499904632568359e-01
2.877500057220458984e-01
2.877500057220458984e-01
