1.268499970436096191e+00
1.236250042915344238e+00
1.211249947547912598e+00
1.187999963760375977e+00
1.136000037193298340e+00
1.112499952316284180e+00
1.091249942779541016e+00
1.069249987602233887e+00
1.053249955177307129e+00
1.031250000000000000e+00
9.955000281333923340e-01
9.785000085830688477e-01
9.617499709129333496e-01
9.462500214576721191e-01
9.315000176429748535e-01
9.010000228881835938e-01
8.872500061988830566e-01
8.725000023841857910e-01
8.617500066757202148e-01
8.502500057220458984e-01
8.292499780654907227e-01
8.190000057220458984e-01
8.105000257492065430e-01
8.019999861717224121e-01
7.912499904632568359e-01
7.832499742507934570e-01
7.689999938011169434e-01
7.852500081062316895e-01
8.025000095367431641e-01
7.975000143051147461e-01
7.902500033378601074e-01
7.802500128746032715e-01
7.737500071525573730e-01
inf
inf
inf
4.934999942779541016e-01
inf
inf
inf
inf
inf
inf
inf
4.850000143051147461e-01
inf
inf
inf
7.012500166893005371e-01
6.817499995231628418e-01
inf
inf
7.012500166893005371e-01
inf
inf
6.715000271797180176e-01
inf
inf
inf
4.690000116825103760e-01
inf
inf
inf
inf
inf
inf
inf
inf
inf
3.602499961853027344e-01
inf
inf
inf
inf
inf
inf
inf
inf
4.617500007152557373e-01
4.444999992847442627e-01
4.365000128746032715e-01
4.297499954700469971e-01
4.252499938011169434e-01
4.127500057220458984e-01
4.122500121593475342e-01
4.017499983310699463e-01
inf
inf
3.792499899864196777e-01
3.692499995231628418e-01
3.692499995231628418e-01
3.607499897480010986e-01
3.600000143051147461e-01
3.540000021457672119e-01
3.502500057220458984e-01
inf
inf
3.379999995231628418e-01
3.332499861717224121e-01
3.332499861717224121e-01
inf
3.162499964237213135e-01
3.215000033378601074e-01
3.197500109672546387e-01
3.192499876022338867e-01
3.127500116825103760e-01
3.125000000000000000e-01
3.095000088214874268e-01
3.067499995231628418e-01
3.062500059604644775e-01
3.057500123977661133e-01
3.017500042915344238e-01
3.005000054836273193e-01
2.949999868869781494e-01
inf
inf
inf
2.949999868869781494e-01
inf
2.877500057220458984e-01
