6.794999837875366211e-01
6.802499890327453613e-01
6.822500228881835938e-01
6.817499995231628418e-01
6.850000023841857910e-01
6.867499947547912598e-01
inf
4.029999971389770508e-01
3.709999918937683105e-01
3.555000126361846924e-01
inf
3.639999926090240479e-01
3.759999871253967285e-01
3.607499897480010986e-01
3.552500009536743164e-01
3.750000000000000000e-01
inf
5.479999780654907227e-01
5.437499880790710449e-01
5.289999842643737793e-01
5.212500095367431641e-01
5.327500104904174805e-01
5.312500000000000000e-01
5.197499990463256836e-01
5.220000147819519043e-01
5.222499966621398926e-01
5.080000162124633789e-01
5.042499899864196777e-01
5.007500052452087402e-01
4.937500059604644775e-01
4.970000088214874268e-01
4.912500083446502686e-01
4.842500090599060059e-01
4.812499880790710449e-01
4.747500121593475342e-01
4.709999859333038330e-01
4.745000004768371582e-01
4.769999980926513672e-01
5.360000133514404297e-01
5.437499880790710449e-01
inf
5.440000295639038086e-01
5.590000152587890625e-01
5.640000104904174805e-01
inf
inf
inf
inf
inf
inf
inf
inf
inf
inf
inf
inf
inf
inf
3.332499861717224121e-01
inf
inf
2.939999997615814209e-01
2.820000052452087402e-01
2.700000107288360596e-01
2.677499949932098389e-01
2.660000026226043701e-01
2.617500126361846924e-01
2.597500085830688477e-01
2.565000057220458984e-01
inf
2.565000057220458984e-01
2.532500028610229492e-01
2.547500133514404297e-01
2.517499923706054688e-01
inf
2.507500052452087402e-01
2.507500052452087402e-01
2.520000040531158447e-01
2.524999976158142090e-01
2.545000016689300537e-01
inf
inf
4.272499978542327881e-01
4.247500002384185791e-01
4.230000078678131104e-01
4.225000143051147461e-01
4.194999933242797852e-01
4.187499880790710449e-01
4.194999933242797852e-01
4.189999997615814209e-01
4.189999997615814209e-01
4.197500050067901611e-01
4.212499856948852539e-01
4.242500066757202148e-01
4.255000054836273193e-01
4.267500042915344238e-01
4.297499954700469971e-01
4.334999918937683105e-01
4.352500140666961670e-01
4.372499883174896240e-01
4.424999952316284180e-01
4.477500021457672119e-01
inf
inf
inf
9.712499976158142090e-01
9.692500233650207520e-01
9.782500267028808594e-01
9.832500219345092773e-01
9.887499809265136719e-01
9.987499713897705078e-01
1.002750039100646973e+00
1.018499970436096191e+00
1.024500012397766113e+00
1.033750057220458984e+00
1.042250037193298340e+00
1.051749944686889648e+00
1.070250034332275391e+00
1.078250050544738770e+00
1.090749979019165039e+00
